0 1720 259 3798 666
1 392 1536 2141 2415 712 982 2815 3694 3604 3968 3247
2 148 3631 1652 570 3463 3249 4140
3 764 385 3267 1154 4075 1074 1323 2125 1652 3417 398 2443
4 355 714 3915 2589 3120 1652 1312 3253 1312
5 1720 148 2022 1533 2786 3631
6 1720 4174 259 3798 1272
7 1154 4075 1074 1468 2268 2415
8 1720 3045 74 1828 3718 564 518 764 385 2809 3253 2238 3055 3547 567
9 714 3915 3120 1652 1312 3253 1312
10 1154 650 1535 3303 2415 2169 1604 2415 3303 2415
11 445 982 1420 1997 1217 2070 2235 4172 4075
12 1468 1886 1074 1146 2748 3195 3828 2415
13 714 3915 3253 1312
14 438 820 664 982 1997 1217 2450 820 2619 3747 3028
15 1102 971 2677 1857 2651 3902 3103 1104 3656
16 499 2358 3893 3253 4173
17 1588 3203 3669 3103 3669 4002 4096 4099 4168 1155
18 139 385 2415 392 551 1154 1211 1886 1074 3503 2718
19 645 1930 1720 3100 2410 2831 418 1491 1238 2424 1146 3503
20 1157 2656 2281 3503 4098 2848 418 2288 2488
21 847 4141 3606 3132 2133 3279 982 1411 3277 1672 3585 1108 2716 741 3850
22 769 2415 1270 1468 3238 1284
23 982 1411 1420 1997 1217 2235 4160 1411 4172 4075
24 392 1890 1154 1468 2268 2415
25 1203 1154 4075 370 1030 2943 1845 3455
26 498 3067 1468 2279 3178 3267 3238 1284
27 74 1828 3718 637 4023 697 2683 4131 1515 216 1753 1828 4075
28 440 1272 1885 213 302 3193 302 4077
29 1154 813 209 1898 1899 4081 3392 2996
30 1122 1417 1416 2565 948 2879 1414 2777 3534 1414 2565
31 1154 4075 1074 1468 2268 2415 3896 2415
32 392 2554 1154 1270 4115 3910
33 1154 4123 129 1270 1653 4143
34 664 668 776 982 3466 982
35 277 3860 445 982 1997 1217 2235 2542 3925 1074 4172 4075
36 744 982 1545 1984 2995 1097
37 982 1006 2683 1347 1338 1444 1475 2159 335 4002 2208 3610 4002 4075
38 982 1420 2070 79 2235 2354 2819 2913 79
39 245 2722 242 1885 3257 256
40 408 1766 408 2337 531 1190 2115 2486 1506 2486 2262 2486 4114 3372
41 668 2450 483 1074 4002
42 923 1868 1854 2267 3896 2431 2988 457 2995 1146 4139
43 997 3107 1404 3249 3869 1569 3199 1720 3077 3199
44 1535 2995 1720 148 2042 213 336 3375 279 3695
45 428 139 916 1014 1606 2070 2758 3648 4160 1411
46 115 3791 580 3417 982 2749
47 951 2231 2012 3061 1310
48 764 74 1889 3798 1753 1828 4075 1889 772 2189 1076 3798 2218 3175 820 3915
49 286 305 483 4077 714 3041 1272 3311 1375
50 247 993 1242 872 3191 982 4075 1261 3103 1445 1819 2305 626 2428 246 2579 246 2981 246 3267 3653 1838 626 4172 4075
51 1970 652 2211 2304 3103 3653 3902
52 1154 4075 1652 213 3355 1653 4143 1737 2243 1886 1074 2748 4144
53 148 1652 1921 2446
54 666 714 2055 3763 982 1146 3491 213 3712
55 148 1720 2629 190 1272 2446
56 1154 4075 1074 1323 1211 1885 1565 4066 3809 1984 3178 3142 910
57 285 445 982 1543 1997 1217 2235 2519 4123 2602 4075 4172 4075
58 982 1066 104 2130 4159 935 1074 522 1163 846 2683 1074 1270
59 982 4075 3333 2836 470 1114 1111 3456
60 1154 2748 1899 1449 2554 1146 3547 2292
61 1272 1885 2964 3925 3925
62 1834 1517 3228 1074 1753 1828 4075 1885 2199
63 897 4166 3171 1162 1943 323 2927 4033
64 1982 1874 286 2069 1162 3853 4033
65 1272 1886 1074 3120 1652 4066 2819 4129 2130 4180
66 522 2683 1074 1153 2297 3219 1720 1720 2446
67 1154 2748 3309 4002 4002 4123 129
68 88 1157 1154 4002 628 1819 3267 1173 1321 1758 1819 3267
69 781 2923 835 3769 1340 1656 3181 1753 2857 2138 2268 2415 2387 2871 2675 2923 2770 2923 3436 3800 3639 4118 2426 4142 2138
70 1154 4075 1074 4123 129 2748 3311 209 3311 1486
71 1157 1423 1411 1885 3244 3897
72 74 1828 3718 117 115 342 1329 3013 1720 1655 2175 2856 340 3012 341 1328 3733 932 1859 112
73 120 123 664 1917 79 2409 209 3146 3796 4172
74 1605 29 264 982 2657 1905 3555
75 1154 3945 1211 3039 2166 1652 992 3547 2292
76 259 2073 569 2361 2160 2400 3859 2657 3287 3880 1905
77 4172 285 664 982 2450 4160 1411
78 242 1885 1133 3798 1886 1074 2893 3120
79 269 2106 2375 3748 3877
80 1792 1792 3555 4172 4075 3721 3947 1792
81 401 1916 1264 1617 1716 2619 3747 2827 906 4033 4089
82 1565 3610 1914 2752 656 2434 3728 4033 820 4139
83 120 157 278 3507 4172 4075 1308 2687 1716 209 2967 538
84 902 2415 1121 629 939 2483 1858 3097 1641 2415
85 574 213 192 1917 2401 2450 820 2452 79
86 740 1506 900 1652 3621 1084 1713 1753 1828 4075 2395 1652
87 499 1720 148 2974 1565 1652
88 4172 4075 2926 2942 3064 2848 3064 4066 1885
89 84 2028 1909 668 3925 1885 3925 2028 1074
90 1154 1154 1628 1411 1154 4075 1074 1507 3393 1850 4123 129
91 306 2555 2554 371 2683 1397 982 1411 1534 1354 939 1869 1397 3421 3385 2421 894 3406
92 1720 213 148 64 1587 1652 3308 3267
93 120 123 3731 296 250 1316 1916 3240
94 982 1721 626 2293 1819 2476 1280 2848 4002 3725 2850
95 758 1828 2584 1535 1102 3444 3747 1534 2785 3444 4127 1342 3444
96 872 3193 3653 438 4002 4172 4075
97 447 3641 1102 2511 1120 2086 1102 3785 1258 1127 3640 1086 3192 1720 3227 1102 3690 2949 3260
98 351 634 1222 939 4080 1154 4075 1597 1210 3574 3165 388 1506
99 846 1171 982 2836 3399 3455
100 762 1240 762 1855 1154 3267 1175 1652 3728 3647 2426 213 1321
101 1154 4075 1074 1553 787 1533 3045 3468 398
102 1296 3180 1411 4133 3180 2222 3180 2878 3180
103 135 3227 1044 982 4075 1074 2749 1272 2838 2995
104 242 2848 246 982 4075 1444 1456 3213 2579 3781 1457 1472 3974 3444 2454
105 1501 1973 3588 1648 1720 1973 1429 1753 2945 3626 2141 1073 209 3626 2736 4019 3421
106 120 398 820 2755 2756
107 781 2415 1154 1468
108 939 66 1154 1270 1468 650 2268 2415 2415 768 3029 1736 3029 2857 3725 939
109 599 4114 1154 4114 1705 1886 1074 1168 1705 1886 1074 3874 4143 3355
110 2467 168 1544 1636 2235
111 1154 2146 4075 3692 4075 3696 1142 204 1048 4115 3910
112 714 977 982 1737 2055 3311
113 285 1885 1019 3224 1534 1354 2450
114 4172 4075 3099 3468 3896
115 148 1720 2269 1000 259 1133 1905 2269 2848 1133
116 1720 148 559 1272 2294 3208 2143 3696
117 982 2223 2489 1812
118 448 982 1192 565 3588 1192 1818 209 1795 2424 1030 2644
119 988 213 592 1389 3181 1272 2748 2918
120 1565 446 2784 3029 1270 3311 2819 3809 213 4103 4066 1672 1411
121 714 3363 1030 1672 1411 4182 4077
122 285 1557 2450 3363 3694 3906 2334
123 517 1154 4075 2270 3103 3831 4088 4099
124 1156 1425 2130 910 2415 3728 2255 2392 3728 3287 1538
125 291 511 2084 1672 1411 4075 2088 2074 4075 2344 3786 2459 2415 2668 2459 2951 850 4024 2095 4075 3835
126 1615 2933 1672 1411 2428 246 3448 2814 3671 4075
127 246 982 1819 775 2943 318 3409 1885
128 1102 4002 971 2334 1198 1952 1954 2424 105
129 264 3103 982 2014 2146 1131 2371 4066 3270 3514
130 664 726 1885 982 1628 1411 2009 2777 4033 483 1074
131 1074 1162 1740 2819 1146 2384 899 2384 3440 2801 1162 2819 1085 4180
132 1323 823 1154 3697 4113 1603 1067 3156 1067 3006 1067
133 4172 1444 1819 3034 4066 2869
134 135 1171 982 3032 1171 4002 1173
135 1154 4075 440 2160 1506 2486 936 3237 1506
136 1411 421 2715 3436 714 3583 1985 1102 201 4181
137 1720 1885 747 1676 1676 2160 1074 4002
138 1 2897 832 1799 213 733 1800 982 4075 3807 4066 3244 4172 4075
139 2141 3406 161 2619 2141 3406 161 3151 323 2305 3151 3406 161 3925 1074
140 1425 4053 3872 4066 1256 4077 624 1930
141 148 629 2009 2415 2286 1295 2624 2405 1171 2415
142 448 1388 1010 1886 1030
143 982 1014 1399 2678 3951
144 1042 1411 2326 2811 3446
145 1101 1648 2641 3316 3244 681 2146 3885
146 1315 470 3355 1114 961 1211 1886 1074 1937 3909 2415 3311 3888 3898 1885
147 943 3491 615 21 982 4075 1885 2320 209 2987
148 982 4075 1011 2349 2304 3855 2648 3409 3653
149 982 1544 1880 3133 3459
150 1154 219 3199 468 1740 3267 2784 1897 3619
151 982 1885 2749 3253 3295 302 3728 2190 1297
152 264 139 982 4075 2339 3316 275
153 148 939 327 3092 2166 2141 1310 2736 3429 4018 738 2415
154 723 1812 3436 1812 3419 1812 3681 3258 1831 3763 4022 1812 3067
155 120 1034 2329 2412 3254 3902 4050 3896
156 148 617 1623 1935 4198
157 885 982 1420 1661 2103 2235 2450 2519 3365 3386 3862 3932 4172 4075
158 1443 264 3399 1860 4087 1146 3247 4075
159 1720 4002 3480 650 3999 3581 246 100 100 4033 842 2683 3102 2579 246 3294 2215 3499 1753 1828 4075 4002
160 4172 4075 793 3455
161 1154 4075 1154 4075 1074 599 1886 1074 1886 1074
162 120 123 120 157 3689 1880 982 4075 3459 2393 1885 3181 2396
163 1753 1828 4075 1789 617 2201 2177 617 620 3182 2963 2964
164 714 1587 2267 2446 2669 3005 1168 3488 2107 3518 320
165 2860 74 1753 1828 4075 1885 390 301 2674 1981 3651 2077 3041 2560
166 982 776 1221 1951 1672
167 120 123 982 1557 1652 3694 2748 3129
168 626 3872 982 1885 1912 1819 2529 2030 626
169 252 1010 1154 4075 1074 2968 2683 580 3178 1030 3781 4124 129
170 781 2415 842 2554 982 1270 1074
171 1029 3455 4173 4172
172 286 2358 3060 3333 2836 3455 4050 3896 4173
173 130 1312 1154 1786 2542 3925 1074 3002 1143 3560 3658 3356 2442
174 74 1828 3718 820 3230 1333 4087 424 1753 1828 4075 2472 4008 3736 3773
175 593 982 4075 1894 1936 8 3140
176 1154 4075 1886 1074 2053 2695 674 2968 2683 580 3150 3287 3879 2986 648 3192 3316 385 4075 1010
177 3193 1497 2078 3499 1828 4075
178 179 37 298 2507 1803 2 3682 3520 3520 3910 2622 3047 4075
179 1604 1375 1651 2951 3302 2945 3624 626 3960
180 1652 3728 137 3465 1018 853 2974
181 95 4172 982 1444
182 1721 168 1721 3947 2245 2318 2592
183 74 1828 3718 1720 1885 987 582 2724 2247 2862
184 988 1419 606 2450 1544 2918 209
185 264 1154 1852 2314 4104 30 4172
186 1154 4075 1074 1270 1885 3045 213 820 3686 580
187 242 988 982 1411 2657 206
188 120 982 1074 2748 2874 3567 2315 2609 4172 4075
189 2342 2995 3842 982 1820 3227 1534 3510 2658 2987
190 120 123 4172 4075 1538 4019 2619 3653 3103
191 120 123 982 4075 988 2450 2772 3449 3100 1905 3933
192 118 2749 285 454 3034 4172 4075
193 1154 4075 1154 4075 1074 264 1935 1881 3827
194 1721 708 1811 1990 1819 658 1912 1819 2136 3515
195 168 1071 1635 963 2344 708 2214 2544 2933 3739 2215 3520 1720
196 712 712 651 1211 1886 1074 2626 1044 4036 1873 2898 3594
197 1720 1885 3256 135 4133 1720 3102 1375 3147 3253 3829 2683 1029
198 405 1062 264 988 2650 3189 1905 1444 2986 2424 1104
199 1154 2074 1411 2125 4066 1672 1411 4123 129
200 1154 1953 3311 1375 3409 334 3181 3896 648
201 1478 626 982 1172 626 3225 626
202 4172 4075 286 664 4075 982 4075 1740 3747 1819 3267
203 714 3915 1154 4075 2622 3047 4002
204 2104 4172 664 712 651 982 4033 483 1074
205 846 209 846 1323 1154 1428 209 2553 2748
206 148 1720 3808 3691
207 256 982 4075 1885 2848 1745
208 1853 2054 1490 318 3195 3828 626 209 4046 626 4075 3836 4077 1881 922 1171
209 242 982 1133 626 3087 926 3781 989 2588 3639 982 2424 1146
210 40 490 2415 1093 969 1154 1072 3828 2415 1525 1092 4107 3829
211 120 123 982 4075 4009 4139
212 988 982 4075 3375 279 1503 1540 1544
213 1078 1154 4075 1074 1419 3781 1653 2871 3690 954
214 325 2823 982 1393 3544
215 120 120 516 3608 2065 982 1270 1922 4033 820 2193 1962 817 2091 4032 4187
216 4139 1916 2356 2450 3710
217 52 120 123 928 1993 438 512 2068 4125 2068
218 1154 4075 1074 427 1030 2055 3781 1705 1886 1074
219 1371 1747 1345 1449 921 1449 4072 1687 1687 3501 4075 1747 2515 3289 3564 4066 2810
220 120 123 433 982 1716 2338 474 2450 820 4172 4075
221 714 2554 1211 1886 1074 1270 213 438 3311 2233 1887 4186 3069 2721 3615 3312 4189 1311 439 3347 716 3614 2705 3066
222 2275 4075 2945 3150 3195 3828 3333 2836 3987
223 499 982 4075 1270 1544 2919
224 244 982 1344 2235 4175 2758 2515
225 904 1102 971 1198 1720 1952 1955 2004 1908 2073 2364 2817 3264 3764 3962 4002
226 139 1524 3796 1534 3224 1886 1074 3056 1056 3337 3929
227 982 4075 1886 622 721 2647 2648 2649 4002
228 84 2028 1909 982 1885 1670 3985 3718 2945 1337 3798 3820 2350
229 46 46 2250 1154 4075 4177 246 1534 3885 1758 3267 2459 3045 3910
230 982 4002 982 4075 3355 3663 209 4002
231 120 157 2343 1162 2593 2415 1508 2593 2676 2593
232 461 3571 1453 1594 1472 3076 3800 3648 3963
233 120 123 120 157 1565 1092 2216 2096 2415 2479 940
234 1621 49 3536 161 1154 1644 3512 3513 2415 398 651
235 2170 694 1905 982 2102 3416 2378 1264 4172
236 120 123 659 820 982 4075 1814 1971 2154 2450 820 4172 4075
237 1154 2313 3370 4172 1507 1897 4002 4006
238 592 743 1819 842 2683 3102 2579 246 3692 1237 4002 1173 3915
239 120 157 2052 3350 1982 4172 282 1211
240 662 919 1154 4075 2219 2882 3410 1578 4066 1819 1322
241 120 123 120 157 282 1074 664 982 3343 4160 1411 4172
242 647 1074 726 1885 1720 148 1958 1133 3993 3193 3932 878
243 499 982 1163 2175 1914 2752 3735 2108 4144
244 982 4075 1831 1843 2644 2716
245 285 1154 4075 2159 335 4002 4033 770 4053 3636 4075
246 714 3915 1154 1424 3686 580 3797
247 988 3459 282 1074 982 1411
248 671 282 1885 285
249 1154 4075 264 2288 1897 3113
250 1720 3521 872 3580 3896 1753 2459 4066 1330
251 982 1270 1753 2461 1885 2554 3577 3896 2825
252 120 123 285 1255 1511 1912 1819
253 671 712 651 982 1411 3085
254 566 2866 1026 1039 1135 982 3482 3816
255 1392 1516 3103 1795 982 1753 2579 246 4002
256 184 1720 1260 252 4022 507 2579 47 982 3103 1280 1057 1897 4077 2133 2810
257 445 450 1029 1030 1154 4075 4075 4185
258 1382 2007 3280 559 1229 3276 2563 1081
259 1449 921 1842 2951 958 3814 3816
260 1861 4046 626 1000 2001 4002 668 689 3130 1832 2838 3355 4006
261 106 114 1092 2322 213 1339 149 74 1819 962 3718 396 478 1242 1073 2683 3197 2705 656 407 508 213 1358 3776 1108 500 509 1024 986 1506 3796 2892 1170 1245 1375 1479 1381 3002 1482 1532 3352 1537 483 3690 289 1639 1717 70 1720 1753 1828 4075 1731 1704 2676 2424 2725 1750 1703 3821 4074 3399 1791 1881 1435 1104 2188 2179 3975 2424 2725 2210 70 2316 2424 1200 3013 2666 2651 3103 1860 3782 2710 2718 3013 1466 2154 3503 2828 2861 489 786 2832 509 2832 2766 610 323 1375 2960 2810 2315 1332 3263 3215 3728 3091 161 3320 3197 2705 656 3377 3654 385 4074 3399 3472 3690 1535 483 3571 3614 3026 3578 3510 2968 1238 547 3867 3927 3002 1482 4156 1358 3026 986 1506 3796 2424 1146 3503 4030 4016 999 4106
262 290 521 1154 4075 1423 1672 1411 3311 4066 4075 1074 4077
263 1007 3327 3645 1383 391 391 1447 982 4075
264 325 1885 982 1272 1444 3466 982
265 499 982 1739 3407 3577 208
266 982 1411 1074 3045 3034 3910 4066 1885
267 438 1068 438 3809 451 1211 1885 1886 1074
268 617 3450 3784 1330 2230 1715 775 3499 1828 4075 4066 1301
269 120 157 946 2681 1917 3257 3137 3767
270 243 79 982 1145 967 1420 2070 79 2235 2912
271 2339 73 3750 3390 989 1037
272 135 213 3467 3044 712 1375 982 1885 982 4075 3407 1092 3459
273 148 781 3850 1720 1969 819 2298 2712 2555 2821
274 923 1868 969 1045 1284 982 1411 2995 3687 4139
275 871 580 1150 4112 3397 1154 4075 1074 4066 1628 1411
276 247 993 1242 872 3191 881 1280 982 2304 1516 2579 246 3769 3435
277 1154 3039 1652 580 3256 3267
278 120 123 380 1361 896 3159 3376 1725 251 4109 2070 79 3497 2515
279 4158 1444 1912 1819 2450 3469 3896
280 976 3250 2683 3795 796 1154 4075 1424 3455 3267 4075 2579
281 3616 346 146 982 4075 2304 4052 4002
282 120 123 664 982 1146 2415 1334 2141 3763 4172
283 3481 1893 2820 3126 4024 3233
284 563 993 3893 840 1975 2932 3498 1184
285 364 3307 3918 3919 1935
286 519 4075 1154 4075 3508 3569 314 3671 4075 1425 1500 391 3455 4075 1261 1578 4075 3694 4077
287 525 1387 988 988 982 982 1411 1074 820 2424 1029 3214 982 1411 3214 1074 3455 1029 4033 483 1885 4077
288 1154 4075 1074 1154 4077 1615 4123 129 1270 3435 3581 3699 592 963 4077 4180
289 1154 2748 1615 84 1439 2796 4002 4003 1000 2976 4002 4077
290 2064 469 982 1192 1582 2515 1843 2425 1096
291 1154 4075 463 714 2270 1078 1173 1078 1424 2055 2270 2852 71 3946 630 1321 4077
292 1444 1740 3267 1838 3455 4077 1740 1930
293 1203 4172 4075 247 418 3219 767 1280 2251 781 3029 872 3191 982 4075 1444 3455 1029 3694
294 343 3316 653 3316 912 3316 3244 3316 3103 1930 4123 2602 4075 4172 4075 982 4075 1444 1740 1375
295 90 487 1753 1850 1917 3257 1963 3580 2450
296 537 537 1729 982 982 4075 1676 626 3546 3633 2723
297 668 714 2243 871 580 1029 1154 2838 3399 3798
298 664 1411 982 1411 1218 1997 4160 1411 4172 4075 1885
299 982 2659 3640 2133 3653 4066 3103
300 271 3556 1074 1146 1272 1886 1074 2268 2415 3761
301 1613 383 3718 4172 664 982 1211 1886 1074 1444 2358 4002
302 1133 1930 1720 2235 3095 3257 3798 3925
303 891 1819 1102 1819 1154 4075 1720 2539 1345
304 314 1886 1074 2450 3025 3769
305 712 4019 982 1187 2605 4117 209
306 148 1720 2199
307 1552 1555 1556 1794 1794 1799
308 129 131 470 1112 1111 948 3366 1648 1720 2034 3887 4061
309 120 157 664 4033 1917 3257 3137 4033 820
310 1385 1760 1385 3928 3578 3336 242 982 79
311 120 123 2450 982 4075 1364 1870 2861 4075 3896 4136 4139
312 189 1753 373 3704 751 2268 2415
313 1154 4075 3316 246 3267 1819 4002
314 246 2579 247 993 1242 1444 3653 2810 1694 4002 1006
315 982 4172 2200
316 722 982 1047 2779 3576 3771 3703
317 1154 4075 90 592 1389 3182 1331 1272 2748 3120 1652 3870 2684 3896 4076
318 264 982 4075 1300 1444 3100 1905 4172 4075
319 982 4075 2219 3084 919 3837 4082
320 1154 4075 1391 2891 3321 36 3797
321 1154 1391 2253 2622 3047 36 3797
322 754 3608 2065 1721 168 1721 3947 2440 3511 3742
323 120 123 2068 2070 2239
324 365 1154 4075 2194 2640 3018 4097 1424 2656 3879 3224
325 671 1375 209 1720 1885 1809 2854 2306 4126 1640 3467 4133 2306
326 982 1411 1224 1074 1272 2251
327 264 1154 4075 1424 2253 4075 4053 3636 4075 4172 4075
328 982 4075 1016 2016 2142 2993 2644 2649 3101 3953
329 605 1289 822 2299 982 1411 2173 1356 3904 2497
330 619 2074 1411 2184 4075 291 1232 1516 3917 1950 3199 2177 2880 2200 683 4075 4075 1256
331 4139 4172 4075 285 982 4075 1211 4077 4033 820
332 1360 2304 2761 84 3264 1091 3719 1829 2750 1664 2241
333 120 157 426 318 1609 1917 3257 2020 3983
334 144 525 1387 982 2746 3058 714 3178 1030 3781 3658 3356 129
335 148 1720 1776
336 1154 4075 2597 2931 534 3269 4075 1578 4066 1885 4077 1740 1930
337 979 161 562 1010 893 3604 161 1411 3399 1491 1472 964 2476 2413 1812 3220 3769 2286 3800 1812
338 392 209 982 3575 209 3829 3447 209 3830 2113
339 982 4075 1819 2351 2450 2397 1354
340 3333 2836 3689 4172 982 3694
341 1154 4075 1074 1795 246 1030 3781 2080 1449 2484 3455 2968 2683 570 3535 3194
342 246 252 1516 2174 4172 4075
343 286 2450 4075 1211 4075 1330 4077 2450 1930
344 1885 1272 1652 3463 3045 3694
345 1154 4075 1652 580 323 1885 125 1078 1464 3896
346 264 3798 1154 4075 1424 2253 4075 2432 4069 319
347 1203 3333 2836 4172 4075 982 4075 1029 3455 318 3694
348 120 982 2070 2493 3139 3389 3679 19
349 1154 1672 1411 1211 2663 1737 1211 3463 2665 1213 3039 2728 3039 3289 2157
350 105 264 960 3094 3797 4075
351 1154 2853 1396 2853 3466 2853 3698 3311 2854
352 435 1154 4075 2356 3096 72 3822 2369
353 1720 74 1828 3718 691 2672 3126 1074
354 120 123 1269 3674 3080 2775 2704 3566 3556 2070 79 3150 3654 76 3229 3146 3796
355 795 4172 3718 4172 4075 1272 2358 3548 1163 1850 3694 4033 820
356 274 982 3311 1375 3466 982
357 714 3253 3020 1885 213 1886 139 4066 1753 1828 4075 1720 74 1828 3718 149 1886 1074 2028 2528 1506 1148 2028 3901 2548
358 1027 982 1672 1411 982 4075
359 982 4075 988 982 4075 2579 246 2435 1697 1819 3267 3046 988 1885 3409 988 1885
360 988 3431 626 1819 626 4123 129 4173 1444
361 568 2649 982 4075 2487 3903 4075 319 4075 3244
362 3316 4075 1444 2727 3103 1856 3893 820
363 18 1058 28 28 1058 1157 1154 4075 1380 1643 1676 4075 1645 1645 1676 4075 1648 1722 1678 2133 626 1681 2076 2074 4075 2160 2160 2415 2464 2367 735 3728 2235 2836 2986 648 3192 2819 3353 3423 319 735 4086 1798 1881 2956 3624 626 1000 1678 2133 626 1860 4085 1860 4087
364 148 974 775 1720 74 1828 3718 633 2551 3728 2557 1081
365 1154 1453 4080 1652 580 3019 3503 3874
366 1720 148 4123 129 1146 2785 209 1753 567 1018
367 1753 1828 4075 2030 1834 2133 3199 1544 2171 3775 2619 3083
368 976 3250 2683 3795 796 1154 4075 246 325 1885 3457
369 976 3250 2683 3795 796 1154 4075 1074 1155 3455 3457
370 93 1129 1133 3045 3110 3120 1652 3311 3312 3368 3121
371 292 982 982 4002 3120 1652 3694 3454 3656 3466 982
372 1444 1819 3924 4172 4075
373 236 1510 2448 2542 3925 1074 3111
374 148 242 1720 139 409 71 3146 3538 409 71
375 1155 806 3316 3444 1156 1222 2397 2133 1484 1453 3436 2328 2726 1486 3713 1010
376 1154 336 399 4002 4132 3843 2826
377 2306 4126 1640 3467 4133 2306 3120 1652 3311 1375 3910 312 3045 4066 2165
378 764 385 3656 982 982 4075 2236 3340 3457 3661 1885
379 982 4075 1905 2718 2916 3370
380 982 4075 1667 2762 1935 3267 2182 4066 3244
381 726 1885 2386 3941 2619 1720 2823 4135 3970 1074 3126 883
382 336 753 982 1168 2042 3020
383 666 982 982 1628 1411 3575 209
384 285 664 4075 982 1411 1856 1398 1809 3909 1856 1809 4172 4075
385 1154 4075 2159 624 1812 2654 3246 3728 3902
386 592 963 1074 3694 1652 4143 2022 2042
387 1720 3520 1260 3499 1828 4075 4066 1435
388 1997 1217 4075 2579 246 2625 3103 3103 887 3103 3654 1505
389 982 1411 2838 3029 2415 3466 982 4126 10 709 4112 3491
390 3064 1935 2800 2947 981 626 4002 4075 1888
391 4172 90 1819 982 1912 1819 4002
392 1179 3341 982 982 4075 1211 1411 4077
393 4172 4075 982 4075 4002
394 1154 4075 4099 1424 2146 418 3103 2692 2908 2945 2304 4066 517
395 352 1676 1389 1885 2270 322 2073 1008 1970 3829 2683 1448 2262 3586 3741 2260
396 1753 1828 4075 74 1819 962 3718 259 3798 1107 1264 1882 1705 79 259 3798 2757 4066 3687
397 1154 4075 1154 4075 1074 3488 2107 592 963 666 2446 668 2838 3029 4066 1672 1411 4077
398 1154 3311 762 3488 2107 1565 1652 3413
399 96 3024 4059 84 980 1220 982 1221 1234 1148 2309 1217 2560 3004 3287 1221 3718 4077
400 1030 1154 4075 1425 2253 4075 3333 3144
401 664 726 699 726 1885 982 1444 1720 4002 4172 4075
402 1211 3266 1885 820 2675 1353
403 982 1557 3549 786 3575 209
404 982 4075 3399 3559 2726 3900 3896
405 453 1036 1104 1720 3287 3880 3370
406 2082 190 213 3795 583 714 3915 1133 2542 1074 2620 1074
407 3316 3653 3029 3316 4077 435 702 3225 1201 767 1540 2619 736 3316 3112 3653 2454
408 74 1819 962 3718 149 1705 79 259 3798 1623 1753 1828 4075 1720 1885 2823 2462 3487 1171
409 982 4075 2718 820 3435 209 3610 3946 3639 2415
410 1423 1578 1600 1453 3103 1819 3267 2579 246 3245 770 3203 4053 3636 4075
411 143 318 306 2365 1341 3311 2584 1535 444 3662
412 285 476 1452 1211 1886 1074 1444 2869 3333 2836 4172 4075
413 89 795 3820 3815 3131 3034 3981 3391 3718
414 155 3492 269 568 982 4075 1444 3103 2906
415 982 1272 3120 1652 3925 2296
416 115 259 3798 1753 1828 4075 1874 2863
417 620 626 570 626 3531 395 111 626 3798 626 3798 669 252 3199 1509 1885 1849
418 90 3175 1154 4075 1074 1211 1886 1074 2476 3566 3541 2952 1006
419 2748 1653 4143 1886 1074 3311 320 3631 3896
420 292 285 664 982 4002 1018 4172
421 982 1408 1441 1671 3718
422 113 217 1235 4024 2094
423 982 1133 1071 1261 1440 1444
424 2273 2547 712 651 982 2251
425 803 3397 1104 1154 4075 3920 1578 4182 1885
426 14 1531 1228 2791 2941 4083 3008 776
427 1379 1720 148 3256 3547 3686 3599 580
428 577 579 1074 838 1074 1720 148
429 252 1098 1155 1721 3685 626 1280
430 148 2823 885 3607 1010 3178 3435 3955 2060
431 133 2415 2930 2816 248 1242 982 4075 1261 3103 3203 3787 4002 4077 2133 2810
432 1211 1886 1074 1886 1074 3075 1896 1375
433 1154 4075 2459 2460 90 2253 4075 4021 221 2724 108 36 1391
434 664 982 1270 3277 2480 3277 3277 3003 1398 1809 3305 3407 4022
435 1720 148 1855 2974 3080 4145
436 897 982 1997 1217 2235 4033 820 4172 4075 455
437 3753 646 904 2104 3380 1196 2371
438 339 1397 2683 982 982 1628 1411 1346 982 3718 3605 550 2486 1626
439 74 1828 3718 130 191 1753 1828 4075 1817 2619 483
440 148 1720 1885 3261 2583 3247 592
441 1154 4075 1588 213 4099 252 3471 3246 4033 1819 3267 4002 4077 2133 2810
442 430 2321 2357 2450 4033 4033 483 1074
443 120 123 163 470 1401 2320 209 3882 4033 483 1074 4075 1885
444 440 626 1000 2366 982 2951 3211 470 626
445 1720 148 3974 3618 2683 190 135 949 213 1043 1223 2683 2129 1988 1652 580 2522 1915 3235 3339
446 1753 1828 4075 3947 1753 2459 1912 1819 1935 3634 1534 1959 1819 3270 1375 3947 1935
447 1652 2974 213 167 2744 3852 1652 3728 3120 1652
448 4033 820 682 139 2576 2877
449 120 123 120 157 120 1474 4172 664 982 4033 4160 1411
450 215 666 2667 3657 3658 3356 129 4114
451 1154 2125 2267 1652 2809 78 3253 2847 632
452 664 4075 726 699 726 1885 982 4075 4172 4075
453 3034 1154 1551 2542 3925 1074 2937 4077
454 1323 3697 1154 4075 3316 1769 1167 1331 3042 1331 3181 2869 4066 1885
455 120 1613 383 3718 2358 4075 4172
456 149 3227 2712 1885 74 1828 3718 1123 2019 3371 2463
457 947 982 4075 264 568 3514
458 120 123 982 4075 1912 1819 3267 2040 2351 4033 770
459 120 664 982 4033 4050 3896 4172
460 264 285 982 4075 3316 1933 3514
461 1154 4172 982 1734 3387 3915 1466 1018 853 3925 2296 4006 4160 1411
462 1154 4075 1074 1211 2294 3463 1211 3039 1885 820
463 120 123 120 157 458 2968 3067 982 4075 3459 213 1548 94 2415 2044 3983 982
464 3316 1933 3316 3494 3317 4100 285 3688
465 120 123 4139 4172 4075 982 4075 3628 1916 3763 3891
466 535 3199 620 2200 982 4075 2473 1819
467 982 4075 1131 1049 2836 3333 945 3333 3144 4066 3149
468 74 1828 3718 443 1720 2496 3941 2470 3596 626
469 242 4064 778 982 4075 3947 1906 79 3105
470 861 1171 982 4075 1238 2322 1390 71 2758 1703 3258 3265 2400 1506
471 4172 4075 178 664 4075 1444 2622 3047
472 1163 1351 1565 1652 3413 2008 2748
473 1436 1403 1402 3030 4019 3456 3696 3829
474 79 2426 1154 4075 1074 1672 1411 2074 1411
475 666 1411 1937 3909 3286 3909 3925 1885
476 668 982 1074 982 4002 2171 3775 1463 3979 4002 3355
477 1272 1782 1863 3311 1375
478 130 1383 555 1720 148 581 2689 115
479 650 872 481 1124 2696 2711 3082 3957
480 982 4075 1030 2428 246 2644 2619 3653 3103 1444
481 1211 1074 2285 4033 4002
482 1173 1475 3240 3355 3859
483 1154 2524 1287 1272 1524 3796 3966 213 3435 209 4002
484 1410 57 3718 1560 2271 1753 1828 4075 2555 3624 626 2563 2271 2709 1133 59 2838 74 1828 3718 2859 1018
485 74 1819 962 3718 1147 1705 79 259 3798 1753 1828 4075 2357 3896 3329
486 3173 3247 3445 2517 4172 1010 872 3191 1582 3477 1984 2515
487 1720 323 974 1720 323 2557 1081 1753 1828 4075 325 2557 1851 1860 1720
488 1035 1720 1251 1720 148 2530 213 4093
489 84 2028 1909 691 2028 1074 982 1411 1190 1194 3237 2247 3237 3900
490 470 3195 3829 3333 2836 3909 3987 4172 4075
491 3103 3316 418 261 830 1753 3264 3715 4075
492 1720 246 626 2843 1950 3103 3798
493 867 1483 1652 4143 2547 3256 3488 2107 3547 2015
494 4172 4075 246 1410 975 1836 2358 2821 2937
495 15 1741 815 824 2426 982 1411 3769 2837
496 3791 982 4075 1885 1234 2866 3883 3902 3728 4024 2095
497 1652 3463 213 2749 3253 1885 213 1886 139 4066 1753 1828 4075 1720 74 1828 3718 149 2028 3901 2548 3222 3221 209
498 412 1273 607 2683 949 1720
499 1154 1453 4080 1653 2870 3102 1290 3019 3503 3874
500 528 1154 4075 1074 1565 1652 3413 1615 1652 2317 1759 2748 820 3488 2107 4129 2287
501 134 1847 2551 3728 2560 3046 1819 962
502 145 3906 120 123 2450 4033 820 4172
503 84 3237 1377 982 1672 1411 982 3482 3718 2838 982 1885
504 1444 2468 563 2337 2339 4172 4075
505 3369 1442 3369 2126 1444 4129 223 4181
506 120 462 797 1509 2819 1930 2330 3028 3311 320 3864
507 2171 2619 736 3316 2369 2619 736 3316 3285 4066 2130 910 4075 2078
508 1753 1828 4075 3947 1866 476 2501 3036 135
509 28 2415 746 745 1154 4075 2692 2986 726 1375 4098
510 507 79 264 139 1154 4075 2146 3168 4075 1861 4172 4075
511 120 123 2718 820 2718 3230 2974 3467 3653 2415 4139 385 428 4137 3639
512 252 982 1266 2142 1844 318
513 148 1720 406 4148 3379 2823 3033 3885 3910
514 120 123 584 2788 896 3159 2081 3497 2515
515 74 1819 962 3718 242 4064 3798 275 1720 3422 3284
516 611 1154 3488 2107 265 998 3117 1946
517 1211 952 1270 3120 1652 1211
518 1810 306 670 1703 3821 3444 3203 4075
519 1154 4075 1074 2125 2806 1565 2311 1652
520 286 820 3641 982 3120 1652 4160 1411
521 95 3757 4172 247 993 1242 3825 483 1217 4075
522 2853 3044 3046 412 3062 4121 1506 4125 2238 1171
523 3333 2836 982 4075 1419 996 2695 3517 1010
524 3316 3653 264 139 2541 3640 3316 4075 2654 4066 3316 3724
525 1544 1858 2781 315 3544 3215 3544 228
526 539 963 1223 3611 2028 1074 2173 2899
527 762 2854 1154 4075 1074 3896 1146
528 896 2600 896 3159 4123 2602 4075 4172 982 2755 337 3527
529 1720 4123 2602 4075 982 4075 1676 4075 1753 1828 4075 1912 1819 2820 2868 434
530 95 2644 919 919 3638 982 1912 1819
531 120 120 123 120 157 664 982 1092 3575 2415 3694 4160 1411 4172
532 982 1411 982 1672 1411 2146 3075 3942 2535 1375
533 592 820 722 3175 3915 2680 3182 3781 2540 1006
534 982 4075 1261 3103 1508 1930 2304 1516 2424 1146 3503 2580 3216
535 3843 2985 61 594 1964 3706 1102 2985 3729 2658 1337 3879
536 1880 664 982 3163 4066 1676
537 1740 3267 1753 1886 1074 2355 3510 624 3882 4075
538 1163 1988 1270 2244 3267 1465 3355 3120 1652 762 3120 1652 3040 3267 4066 1672 1411
539 1154 475 4146 1652 2726 1270
540 982 1398 2823 1757 2002 3170 3375 279 3769 4119
541 982 2473 1819 2579 2724 4002 3354 642 3383
542 445 982 1308 2687 2924 4033
543 187 3769 671 982 1411 1535 94 2415 3227 1757
544 3316 418 3103 4172 4075 568 3103 2146 1930 4075 319
545 982 1211 1886 1074 1420 2196 1074 2235 2450 3825 4033 483 1074 4123 2602 4075 4172 4075 4181
546 988 2080 1449 318 2534 1901 2966
547 617 2200 74 1819 962 3718 1753 1828 4075 4066 2165
548 1154 4075 2253 4075 223 2415 852 1018 1407 1424 3321 2415 3797 4002
549 1028 1720 2311 1091
550 982 1873 982 2426 1254 1838 3311 320 4033 820
551 2611 243 79 300 1684 156 982 1600 3724 2087 933 2070 2235 2877 4172 4075
552 148 1720 1885 1720 148 74 1828 3718 763 1074 1565 1652 2130 2784 4077
553 1493 2989 1795 2771 4172 4075 286 664 4075 982 4077 1834 3457 4077
554 120 123 982 4075 1254 1873 3575 209
555 120 157 727 373 3906 3236 2334 3906 382 3728 4033 820
556 120 123 1558 207 2400 432 2758 3648 195
557 982 1468 1886 1074 3620
558 223 982 1753 2160 2820
559 839 982 4075 1423 1443 2657 207
560 1753 1828 4075 1720 336 1652 2042 2823 62 2683 1652 580 2968 2683 570 3781 3020
561 982 2042 336 3020 3608 2065
562 148 1720 3568 129 160 522 2683 1074 1883 3549 3621
563 1720 1720 3798 3520 1819 79 1935 3294 2215 3947 1935
564 74 1828 3718 1272 1753 1828 4075 679 1753 1828 4075 776 2446 3078
565 356 545 575 872 3041 2211 1301 2515
566 1211 1885 1345 4002
567 669 4002 982 4075 1074 1261 3103 1832
568 246 982 1141 3457
569 714 271 982 3397 1357 4010
570 982 1270 2547 2748
571 120 123 422 1435 1638 825 2265 4139
572 626 1280 4172 4075 982 4075 4002
573 4123 2602 4075 3103 2031 4066 3244
574 1652 3995 3035 4140 2159 4133 1720 148 3045 2453 3843 666 3896 2683 1720 2962 3080 3547 3686
575 1154 4075 880 1209 2654 2656 4066 3316 3724
576 276 246 497 3712 982 1411 2562 2717 3589 1081 2716 2556
577 120 123 926 1099 626 1771 1998 2069 425
578 306 2555 2554 226 1029 3686 3728 2482 2855 2408 3120 1652 3423 2726 2251 3562 3941 1029
579 74 1828 3718 820 3230 1333 4087 424 1753 1828 4075 2472 4008 766 3773
580 982 1411 1494 1094 3401 982 1138 3650
581 1154 4075 1074 1270 820 1755 148 2870 3102 1290 3073 3874
582 1720 148 1744 2724 559 2724 2111 4066 2165
583 120 123 285 2450 4033 4033 770
584 102 246 1203 1154 4075 1384 1819 3267 3455
585 613 3089 909 3089 1133 3399 1137 2183 3871 672 2296
586 246 993 1242 982 3451 118 1324 3466 982 4002
587 1154 4123 129 855 3631 1652 580 4143 3147 3311 2854 3631
588 982 4075 2343 3505 4050 1885
589 336 982 982 1411 2018 2042 3020
590 982 982 1673 1411 2333 3257 3616 346 3442 3608 2065 3925 3136
591 247 993 1242 95 982 4075 988 1108 1800 1053 1261 3103 2942 2225 2883 2942 3071 4002 4002 4123 2602 4075 4138 4172 4075 4173
592 264 982 4075 1133 1071
593 859 1219 1250 415 1544 1974 2374
594 982 1221 982 1411 982 1672 1411 1951 1672
595 753 883 1272
596 175 1134 1157 1424 3654 76 3229
597 1102 1763 2353 2362 2424 1029 3188
598 1154 4075 4096 1792 1904 1792 3492 1133 1018 1137 2183 1534 3247 318 1912 1819
599 982 2062 3993 2062 857 3572 3828 209
600 2153 982 4075 913 1181 2146 476
601 3082 2480 2120 2961 74 1828 3718 149 1705 79 259 3798 1623 1753 1828 4075 1720 2398
602 4123 2602 4075 4172 4075 247 993 1242 95 982 4075 4002
603 99 1139 3534 1948
604 197 264 1154 4075 4077 2133 2810
605 129 591 2683 580 1720 3964 3747 4066 2165
606 376 1874 3054 1652 1988 3983 3533
607 1074 3896 1432 3266 2675 3355
608 4172 564 518 982 1211 286 1917 3257 2450 483 1074
609 1154 4075 246 246 1241 264 139 1849 1886 1074 2481 3103 3103 1241
610 1154 4075 1516 3103 1578 1926 3669 4002
611 120 123 1187 2605 712 651 982 1565 4110 2358 2529 1068 3983 4033 483 1074
612 120 123 554 1917 2450 3257 4033 820
613 982 1411 2235 2235 3095 3909 714 3909 2296 4002
614 4172 4075 1957 1885 2358 3962 2227 3260 1813
615 982 1411 982 2042 982 3045
616 919 3105 4075 2114
617 120 123 499 513 982 4075 982 1411 1438 982 3896 4051 4050 3896 4075 948 2052 982
618 173 2220 2046 3947 1905 2476 1505 3100 1905
619 1270 1468 1897 2415 3029
620 256 1133 982 2235 2619 3747 3859 3425 3766 4157 4172 4075
621 1154 3267 705 2387 1068 3039 1068 3267 1755 148
622 4172 285 1211 1886 1074 1444 3455
623 1154 4075 1154 4075 1074 1424 1615 2933 90 1155 2253 4075 2253 4075 1074 2460 90 1155 2944 1472 3974 3671 4075
624 148 1826 2630 2933 3739 2215 2801 3522
625 285 3306 4011 1411 4075 391 449 3254 3458
626 1154 4075 1074 1154 4075 3103 1506 1108 1753 3103 1930 4133 1154 4075 3103 3105 3653 435 3725 3103
627 120 123 1529 2069 1161 2131 2755 3169 3705 4114
628 982 2749 3237 3900
629 2200 982 4075 3244
630 1154 1588 2490 4099 1832 2348 3016 3102
631 3103 794 651 840 1578 3800 3610 840 3199 1872 3717 1473 840 3593 1578 2459 1676 4075
632 4123 2602 4075 367 416 213 820 775 982 2235 3407
633 982 1889 1076 1083 1909 2235 3045 3641 3729 3289
634 1544 2496 360 3667 1730 2219 1885 2494 1944 3242 3974 4020 2660 3743 3239 3947 4076
635 1154 417 939 626 2903 1049 1755 1565 1652 3764
636 982 1411 982 1672 1411 982 4075 1823 1272 2415
637 91 130 1600 2427 246 3267 1261 2141 2848 246 3267 2529 3520 1740 3294 2427 3520 1589 1590
638 3755 692 322 1154 2128 148 359 313 148 3550 1154 2125 2175 3843 1463 3979 2446 2447 2873 948 3675 3548 1163 322 3940
639 74 1828 3718 1561 1562 1720
640 309 1022 1720 308 2087 2469 2270 1171 4150
641 982 1270 3714
642 982 982 4002 1242 4002 714 3915 4002 3224
643 103 3832 2729 2877 3829 3772 4045 2343
644 1856 1074 2110 3791 3909 4181
645 664 4075 1154 4075 4123 2602 4075 4172 4075 1018 2551 3728 1211 4077 2560 1081 3658 3356 129
646 1155 1611 1672 1411 2870 3102 1290 3033 4013 4146 1652 2726
647 626 4172 4075 246 982 4075 1840 1912 1819 4002
648 2644 3190 4172 872 3192 1030 1261 1444 2428 246
649 367 416 982 1074 2450 344 4139
650 982 2724 1452 3798 2724 1986 3561 2939 4116 3175 714 3915
651 982 1411 982 1672 1411 982 3482 3718 3816
652 671 2450 323 4077 3120 1652 4033
653 1154 4075 659 1861 922 1171 2138 2683 1010 4056 3781
654 2699 1652 3306 4011 1411 4075 3344 4123 2602 4075 4138 664 4075 677 982 4075 988 1922 3694
655 2657 264 3798 648 3776 2658 2986 3070 3421 4075
656 554 668 709 3911 939 2391 982 3466
657 1330 1491 1238 2268 2415 2619 1012 3795 3051 2683 2097 78 3795 3408 2085 2683 3801
658 982 4075 1997 1217 4075 4123 2602 4075 282 1074 1217
659 1272 3120 1652 4172
660 982 1411 2173 1356 3904 2497 2577 4075
661 285 664 982 2836 2874 4172
662 231 270 3634 539 2300 67 3175 820 3915 3729 3289
663 714 3915 1154 3253 1312 3488 2107 4002
664 186 712 982 1270 709 1262 3549
665 190 3219 293 499 982 1468 3829 3447 209
666 592 1389 3181 714 3020 1611 2446 2542 3925 1074 3466 982
667 1937 1833 1899 3728 1706 3155 2769 3444 246 2881 1087 3294 2215 3499 1828 4075 3509 648 1484 4019 2127
668 264 982 4075 3158
669 264 541 3125 548 1924 982 4075 3746 2686 3989 1060
670 939 2391 982 1270 1585 3913 2704 939 3502
671 1720 148 259 3798 1652 1899 3764 3275 3694 4066 3687
672 982 1880 2021 2970 1092
673 120 157 1102 132 2590 775 1102 418 2652 79 1693 572 3187 1046
674 286 664 982 1826 1740 3900 4172
675 1154 4075 1162 1272 1330 1425 1540 2130 910 2253 4075 3103 3653
676 148 1720 1703 3311 3467 1732 3976 3467
677 286 1074 820 3120 1652 4002
678 1074 2748 1545 2251 1703 805 1886 1074 2974 2231 3267 2940
679 129 314 583 633 190 1313 1874 1987 2948 1380 2948 4086 3360 1249 3461 2804 3360 1249 3461 3948 3568 190 3616 3791 661 982 1248 1885 1676 2104 2110 2130 3810 2235 3010 1737 3095 3387 4002 4033 483 1885
680 223 2415 1102 4002 1445 1819 1841 4173 4002
681 183 681 1886 1074 3896 2146 3168 2154 886 3423 2726
682 1886 1074 1935 2355 4066 3254 4075 4181
683 1211 3311 762 2164 762 1240 1599 2157 3289 3547 2292
684 264 573 1720 2657 207 2909
685 51 2848 202 2900 2980
686 1886 1074 2424 438 4070
687 120 1132 264 285 1233 3710 4033 820
688 1169 4172 1277 1779 2358
689 413 209 1652 1753 3308 3890
690 1154 4075 812 2056 74 1885 3311 320 3364 3843 233 3781
691 1720 3480 1150 1885 2567
692 1720 1885 259 3798 1860 1737 2446 2712 1885 3311 1375
693 74 1819 962 3718 336 1652 570 3073 1753 1828 4075 1835 2042 3020 3656
694 1272 2268 2415 2744 1888 1075 1082 2722 1909 2776
695 149 1720 1946 2320 209 2382 3026 1946
696 74 1828 3718 149 1272 1753 1828 4075 1720
697 246 993 1242 988 2830 2397
698 810 3181 1270 3029 1890
699 982 4075 1266 2142 1844 318 1444 1795 2579 318 2619 3653 3103 3457
700 115 129 476 1452 763 1074 840 1885 872 1885 1035 1074 2748 1154 1211 1270 1318 1672 1411 1753 2074 1411 2229 1668 2751 3311 3375 4124 1668 3237 1032
701 48 1118 1472 2059 2334 1018 3287 2894 1703 2857 2154 690 4010
702 1154 4077 1271 1652 2871 2294 2055 3021
703 1154 4075 1074 2267 1652 2446 2859 2749 3488 2107 3605 55 3632 4123 129
704 2606 626 79 919 1912 2204 626 2030 626 1834 2133 3199
705 1154 4075 1720 1749 1687 3501 4075 2505 331 2928 2765 3748 3752 3967 3410 4095 4099
706 3143 3316 1201 982 4075 1740 1375 3893
707 1154 4075 1154 4075 1074 3160 1424 1672 1411 3249 2661 3896 4002
708 148 149 3227 559 1720 2446 2712 1885
709 846 1171 2683 982 4002 982 982 4002 4002 3641
710 120 123 1494 2683 1917 3257 1929 2683 1917 3257 2020 3137
711 1601 178 246 285 391 1444
712 119 158 213 120 157 1327 399 1506 1557 2273 2450 3991
713 178 1758 1819 3103 2351 4066 252
714 74 1823 962 3718 149 1720 1720 3456 2307 2846 2159 4133 1720
715 751 3874 1154 2093 2387 3147 3253 3762 742
716 982 2223 2224 2571 2572 2671 4042 3278 3996 3997 4023 4043 2672
717 161 314 1029 1272 1411 2243
718 914 3760 982 3355 1463 3979 3787 982 4002 4002
719 148 884 1720 3863 633 2551 3728
720 4171 4075 264 1184 1677 3498
721 1154 2253 3298 3325 3871 672 2296 1206 71 1521 71
722 101 3843 259 1133 1720 148 1727 385 580 2664 580 3118 3686
723 223 2415 246 3267 982 1544
724 74 1828 3718 1720 1885 3126 3941 3696 209
725 680 982 1411 1074 820 1535 3193 2235 3387 3483 213 2171 3775 1919
726 148 357 3862 1583
727 1154 4075 1615 2055 3694 2748 4066 1628 1411
728 982 4075 4123 2602 4075 4172 4075 1444 1617 2357 1819 2724 245 2820 1012 3311 1375
729 223 2415 714 3915 982 4075 1444 2579 246 2622 3047 3027 3656 3102 1819 4002
730 74 1828 3718 1720 1753 2790 1753 2790 3781 2732
731 1013 1270 2415 1856 3311 1946 3635 4172
732 664 982 2082 190 4172 286 470 3887
733 592 820 3656 1613 383 3718 2582 549 4172 4075
734 761 559 2512 2515 2520
735 1506 209 1753 1828 4075 2178 2137 3690 1195
736 264 1154 4075 1424 1674 2603 4075 2657 206 2798 3161
737 982 2159 335 4002 2579 246
738 129 199 882 2307 884 1450 1451 2200 2307
739 11 3793 3584 1283 381 4075 1720 3227 3046 633 2551 3728 2205 637 3863 663 758 259 3798 589 1703 1117 2336 1705 79 259 3798 1623 4127 496 3166
740 298 1720 323 4026 579 1074 640 1074 1133 1133 1930 1819 3207 3718 3651 4023
741 725 1720 3520 223 2415 2430 2219
742 888 888 1301 1720 470 496 382 740 2568
743 63 3843 1653 2125 2235 3035 4140 3045 3147 3253
744 982 1029 2450 820 2748 3045
745 1330 2214 288 2214 317 2214 1386 2214 2474 2214 2544 2214 3708 2246 3592
746 4002 3915 1886 1074 2851 3106
747 1652 3728 2018 3695 3120 1652 4066 1628 1411
748 1652 3728 2744 1888 1075 1082 2722 1909 3120 1652 3147 3656 4066 1628 1411
749 1652 2974 3120 1652 3289
750 252 982 1885 4075
751 54 470 1603 982 1411 982 1628 1411
752 153 706 982 1411 2450 483 4066 1885 3237 3900
753 3956 982 1241 3894 1534 1126 2235 2450 3120 62 3423 3091 3424 1538 1201 3965 4033 820
754 982 1476 1609 3319 2554
755 831 982 4075 3244 3543 4069 3072
756 982 1029 1444 1834
757 982 4075 1280 3462 995 4088
758 392 2917 1154 2424 718 2918 3911 1890
759 2195 1226 1256 1444 4075
760 120 123 491 712 651 664 982
761 69 84 3859 181 2515 277 3860 916 1983 982 1917 1922 4033 2243 1965 3860 2196 1074 2235 2288 2683 78 2399 2450 820 2450 4033 2992 2515 3496 2515 3497 2515 3825 3834 2515 3933 1905 4172 4075 4175 2758 2515
762 285 691 3443 714 2247 726 1885 3029 1375 3712
763 74 1828 3718 592 820 3656 1720 2077 1029
764 1154 2748 3488 2107 1937 2621 2726 3120 1652 1211 3267
765 988 982 1540 1880 3689
766 1154 1154 3314 336 1411 2042 3020
767 129 240 1886 1074 3039 3874
768 186 898 2734 1074 2733 4075 285
769 120 157 1538 1098 2400 1102 2995 3653 3711 881 3580 4139 1233
770 4172 4075 793 3781 982 4075 1444 1834 2579 3781 2579 246 3455 3781
771 664 1154 2275 4075 4123 2602 4075 4172 417 939 763 3925 1074 982
772 712 982 1202 2062 857 3575 2824
773 617 789 83 1720 148 3468 3898 1885
774 264 79 988 4046 626 892 3922
775 74 1828 3718 259 1753 1828 4075 1753 2383
776 982 1085 982 4075 982 4075 1544 2002 2918 3375 279
777 1270 1652 4144 3256 3488 2107
778 597 1154 4075 1074 1155 1565 1652 2707 3996
779 120 982 3375 279 4172
780 1154 4075 1074 1211 992 4079 3620 2415
781 499 2275 2733 2735 285 982 1886 1074
782 211 353 421 1761 3728 472 1916 664 897 982 1994 2235 2262 3196 3825 483 1074 4033 438 4123 2602 4075 4160 1411 4172 4075
783 901 1123 1682 1767 1978 2758 2278
784 454 3127 2450 483 1074 3230 3641 4139
785 1030 1154 1423 2253 2526 2968 2683 570
786 120 285 626 1514 139 4075 747 1916 3581 4075 2450 626 2140 2895 657 2134 4075 3683 4172 4075
787 871 580 982 2110 2235 2483 2726 3728 1377 3304 1885
788 286 2656 3316 775 2733 4066 3103
789 252 872 3041 676 1216 926 2200 3267 1758 3267 2523 971
790 1182 1211 1886 1074 3547 2292 3729 3289
791 3488 2107 4123 129 762 1154 1270 2748 3697
792 1534 1126 2196 762 1240 982 1165 2235 2704 3392
793 626 2304 981 626 982 4075 1905 2219 3530
794 1154 1171 1615 1652 3728 2962
795 389 1653 1886 1074 1922 1074 3694 213 3267 1790 2226 3694
796 3947 2099 3199 252 3041 264 1819 773 2714 1720 3947 1792
797 129 2921 3394 441 3253
798 982 4075 1544 3334 3075 2836 297 3287 3880 2986 648 3192 3848 2133 3199
799 875 939 1211 1886 1074 1413 495 1598 3436 1652 1761 874 1939 2683 1652 3806
800 1355 2794 3067 2415 1396 937 820 3067 1652 762 2872 4002
801 1720 3568 129 101 259 998 1067
802 1565 2940 1466 1917 3257 2243 1860 2235 4033 1917 3257 1917 3257 2243 1922 4033 2243 2235 4033 483 1074
803 781 982 1272 1330 2415
804 148 526 2205 1960
805 74 1819 962 3718 1585 3913 3930 1753 1828 4075 4002 4120 3406
806 148 74 1828 3718 1720 1010 1753 1828 4075 2424 1030
807 982 1030 1886 1074 1985 2836 3333 3330
808 120 123 230 280 230 1522 306 1401 470 1401 3670 1399 2304 1401 3696
809 2181 697 620 626 995 1923 1905 3172 3294 2215 3499 1828 4075
810 120 127 120 157 726 503 323 3474 503 1624
811 1272 1753 1828 4075 1720 2724 3851 559 3311 320 3900 3200
812 982 4075 1010 2594 1799 3361 775 2716 1102 448 2999 3496 2518 3216 2286 3725 1102 419
813 3044 74 1828 3718 225 492 1873 1753 1828 4075 2864 301 1074
814 982 1411 2533 4193 328 775 2581 1189 4193 262 4194 2217
815 84 403 2492 876 84 3845 4108 403 667 2501 488 3485 1488 4108 3289
816 1283 381 4075 1158 1720 148 1705 79 259 3798 1623 1753 1828 4075 1720 3358
817 378 583 3219 712 1375 982 1272 1863 3913
818 73 543 989 1885 982 3749
819 3317 264 714 3915 971 1006 2138 3261 3514 4075
820 159 752 1452 2754 1949 50 1772 2945 2094 3273 2443 3466 982 3482
821 148 1509 1885 1671 2203 1718
822 1700 1089 2019 3371 1279 2019 3371 1279 2445
823 536 25 626 988 1703 3821 4046 626 2397
824 120 123 1430 4092 2334 2807 1045 1284
825 1211 1886 1074 1566 4160 1411 4172
826 3974 3618 4123 2602 4172 241 712 982 2235 2451 1074 3549 786 4033 483 1885 4077 4160 1411 4180
827 1753 2428 246 1997 1217 4075 2579 246 4002 4123 2602 4075
828 223 2415 264 3781 982 4075 1444 3027 1018
829 982 4075 1512 2192 2192 3257 4075 2646 3103 4075 2271 3059 3103
830 712 982 2341 2249 2415 3763 3227 1757 4119
831 1899 2243 2777 2243
832 896 4123 2602 4075 1740 3267 1912 1819 4033 483 1074
833 91 1720 2465 1590 2579 246 4002
834 753 2496 1885 3941 74 1828 3718 3044 3311 1375
835 637 4023 862 2550 2780 982 1885 1217 2560 776
836 783 820 1649 1652 580 4143 1745 1657 3433 2319 2322 1292 2833 2870 829 1021 2835 2894 651 2266 3019 2870 3102 1290 3291 3227 1757 3758 835 3769 3935 3530 3769 1154 829 1021 1211 3039 1263 1353 3800 2248
837 1154 4075 1578 3784
838 1154 4075 3370 1516 3103 1897 3163 3895 1108 4075
839 120 123 1264 1014 2867 3257
840 1720 148 231 539 559 1130 4121 2175
841 2547 3402 722 982 1547 1047 3614 1020 1207
842 1720 714 3915 1819 842 4002
843 362 1876 363 423 2296 3993 2538 2891 338 3409 2324
844 120 123 350 982 1244 1272 1877 3695 4188
845 982 4075 1446 2424 1104 2646 2647 3146 3370
846 110 397 787 818 1012 1533 1652 3089 3488 2107 4165
847 982 1074 1152 315 213 2082 191 743 1565 3311 2320 209 4147 1098
848 982 4075 1064 76 264 1133 1071 2619 3653 3103 3534 2643 3103 3797 3747
849 526 2205 1283 381 4075 1380 2235 3031 3540
850 1041 4139 982 4075 1916 4075 2397
851 1436 1720 223 2415 1402 1828 4075 1753 1828 4075 2105 2820 2424 438 2712 1074
852 620 621 1368 949 3199 1402 1828 4075 1436 1912 1838 3128 2106 2957
853 1154 3488 2107 3974 2033 3120 1652 1211 2683 1937 785 2896 3217 324 3908
854 982 1146 842 2424 1104 2424 1146 2650
855 470 2945 470 2945 440 982 1885 1376 1073 209 3050 777 209 3173 3588
856 1074 3694 1154 1565 1652 3120 1652
857 982 1029 1652 3463 1937 709 2683 1074 2236 4010
858 4172 4075 982 4075 988 1059 1261 3103 3103 3610 3153 1280 246 3770 993 3801 4075 4075 319
859 626 949 1740 1444 1930 3104
860 4057 3718 138 2683 3795 841 553 1268 2500
861 1154 4123 129 1456 1603 1602 3796 1652 580 4143 1947 2456 2748 820 3147
862 664 4075 982 4075 4123 2602 4075 4172 4075 3457 3909
863 129 1720 148 3256 581 1215 1652 3547 3686
864 246 440 1795 3660 1796 2171 3775 3198 1885 4075 1353
865 1155 1985 201 3764 2177 3261 2055 2424 1030 3178 318
866 74 1828 3718 639 1452 1753 1828 4075 2557 1081 3751 3103 3934
867 100 4033 1534 1354 3075 1720 4002 2473 650 3102
868 120 123 2587 2642 4172 4172 4075 257 563 750 1299 1000 2134 1375 1444 1916 1917 3257 2651 1375 2758 3648 3624 626 4034 770
869 352 982 1672 1411
870 2586 4197 2768 3315 3516 3838 982 4075 3084 919
871 1283 381 4075 1158 74 1828 3718 149 1671 2203 1723 1770 2946 2205 2829
872 1789 617 2201 3082 2480 2120 3651 3798
873 120 123 2343 712 982 1411 1162 1272 2756
874 123 982 4075 418 3518 688 1912 1819 1916 4033 3879 1375 3879 79 4066 1885
875 305 1819 3896 4033 820
876 1063 897
877 120 157 1102 379 3000 3290 286 1963 2450 3580
878 120 157 982 4075 264 1819 2378 2936
879 1166 712 982 1411 1162 1546 3311 1375 3575 209 3771
880 982 1272 982 1719 982 4075 1030 2683 982 3459
881 982 1095 2683 1526 3029 2415 3829 3447 3223
882 709 982 3466 3491 4112 3491
883 285 664 4075 982 4075 1980 1997 1217 4075 4123 2602 4075 4172 4077
884 982 1411 982 1672 1411 982 3482 3718 3175 1114 2951 3510 1114 266 2951
885 1620 1721 323 982 1672 1411 1280 4021 3466 982
886 120 123 120 157 1757 2172 2994 209 3289 3696 3769 4017 3042
887 982 4075 1443 4123 2602 4075 560 1534 1541 4128 323 209 1540 1676 4075 3825 483 1217
888 1157 1303 1154 4075 4088 4099 269 1345 2369
889 982 1411 1728 1879 3798
890 74 1820 962 3718 2205 3046 3126 2205 3179 2189 2546
891 74 1828 3718 1753 1828 4075 2446 3570 671 3741 2260
892 74 1819 962 3718 1178 2554 2306 4126 1640 3467 4133 2306 3229 3646
893 1003 2395 1720 1885 1720 148 1703 3311 397
894 74 1819 962 3718 259 3798 476 2262 1873
895 1463 3979 1720 148 592 1946 2306 4126 1640 3467 4133 2306
896 285 990 2918 982 4075 1886 1074 2236
897 1154 1615 1737 1272 1885 820 1885 3045
898 148 74 1828 3718 609 807 2683 505 1755 136 1431 1937 2883 1400 1622 1755 322 1720 1753 1828 4075 1902 1937 2621 2726 2471 2294 3798 2243 3755 3941 4126 4146 1652 2726 1755 322 2885 3073 770
899 150 3769 186 712 820 2235 3896 3025 3314 2122
900 327 2141 872 4010 1174 1896 903 3038 963 2683 4010 3692 3429 2415 3681 2096 3747 2274 2135 3747 2393 2175 387 1310
901 7 2611 982 1411 1133 1018 1344 1917 2354 2819 2877 4160 1411
902 982 4075 1330 2424 1272 2918
903 148 479 2821 1469 240 1720
904 246 982 1280 1753 4002
905 982 1628 1411 1211 1074 2599
906 377 1270 3896 2358 3120 1652 3311 4172 4075
907 120 4176 4178 1408 1978 3902
908 460 161 1444 1538 4022 2488 2693
909 148 755 1231 1623 1720
910 2748 1154 1211 1886 1074
911 1154 1578 1575 1199 1753 1828 4075 1897 2270 322 2073 1008 1970 2237 3518 209
912 714 3253 3020 1676 1676 1753 1828 4075 1720 74 1828 3718 149 1885 213 1886 139 4066 2726 62 2726 3900 1860 1535 3311 321 3311 3642
913 626 982 4075 246 872 3191 246 2305 1838 1893 2459
914 264 3399 465 1104 1154 4075 1256 1905 3048 1588
915 982 4075 1108 1800 3103 2848 4195 1925
916 722 753 1557 3572 3828 3620 4033 483 1074
917 115 982 982 1672 1411 982 3482 3718
918 200 4123 2602 4075 4172 4075 264 139 982 1411 1444 2146 3724
919 120 3607 1419 3873 1917 3859 2070 2755
920 914 3760 982 982 4002 984 3034 3034 2749
921 1154 4075 1423 264 1672 1411
922 982 4075 1224 1885 1272 1822 1819 4075 709
923 28 1058 393 519 4075 515 445 2122 717 719 1100 1047 2186 1812 3850 1157 1154 4075 1154 1256 1905 1424 1588 1578 1784 3795 32 1906 784 2162 2163 4075 2261 2253 4075 2253 2459 2415 3114 3186 3185 4075 3271 3269 4075 3322 3219 2683 1932 3401 3614 1020 3425 3614 1295 2683 3795 2284 3672 3671 4075 3738 3754 1471 4075 3857 3858 4101 4053 3636 4075 1578 942 3003 1885 1741 3003 1885 1956 2123 2168
924 74 1828 3718 259 3798 1720 1696 1732
925 2644 3103 982 982 4075 1444 1579 2825 2450 626 3411 2822
926 1720 3520 769 915 2215 2238 1539 2726 2918 209 3426 3468 3896 3499 1828 4075 3510 1540 201 4075
927 148 1720 3520 259 3798 1935 2078 3294 2215 4066 3254
928 982 1270 1047 1753 2412 3575 3223 3740
929 257 959 626 3696 982 4075 1534 3224 2450 626 2767 2795 2767
930 337 2191 982 1509 4076 1916 1949 1109 786 3906 4033 4172
931 595 1074 1700 1720 2197 2616 1243
932 1720 1885 74 1828 3718 939 2391 1719 3777
933 470 1401 1399 2130 3735 209 3003 2264 3427 1452 3696
934 731 1592 1154 2424 1146 2934 2945 2304 4099
935 617 740 1506 1720 148
936 2463 2840 84 1398 1809 285 664 982
937 1026 982 1235 1502 2010 0 2351 3591 2031
938 781 2415 1272 1886 1074 820 2268 2415 3503
939 307 3022 982 982 4075 3460 982 4075 3460 1544 3459 3479
940 120 123 173 2221 2046 3947 1905 3187 3653 174 982 4033 3100 1905
941 285 664 982 3632 4172 4075
942 982 4075 4172 4075 247 993 1242 851 3641 1241 246 2820
943 1033 506 3589 264 726 1885 982 4172
944 1443 982 4075 3426 3475 3468 3896 4033 483 1885
945 45 626 2140 120 123 2432 232 2450
946 1154 872 3412 2292 652
947 1154 2232 1154 4075 1588 2488 43 2488 931 4123 130 1270 1578 1588 2819 2986
948 264 1753 1828 4075 1935 3270 1375 4075 1885
949 865 119 1720 3342 3915 3480 90 836 3707 3294 2215
950 3506 4075 178 2262 3587 4066 3105
951 773 982 4075 1375
952 3617 3879 1375 920 1819 235 1860 4087 1935
953 982 1664 53 3817
954 265 982 998 3116 3608 2065
955 3034 3338 3994 3601 1665 3603
956 1444 3316 4077 3495 213 2619 3723 2488 3725 4070 4066 767 1540 4066 1330
957 4173 4172 4075 246 880 1209 1173 1444 2579 3153 1280 3653 3797
958 537 2211 2506 3865 3866
959 982 1272 2820 352 1074
960 148 1720 1305 559 1306
961 120 2450 285 503 1624 2631 1313 3311 1875
962 1157 1588 4173 246 418 3024 1516 3843 1513 3892
963 120 123 4172 664 726 1885 982 3896
964 246 1010 448 982 4172 3581
965 178 264 664 1133 2134 1133 3747 3024 713 4010
966 759 782 1720 2612 1104 2424 1006 2892
967 398 982 1880 2234 3045 3983
968 664 4075 982 726 1885 1150 1029 1825 2450 483 1074
969 120 123 120 157 924 1868 2997 3243 3683 4139
970 84 4066 1676 1681 4077 1785 1672 1411 1847
971 628 354 982 1270 1753 2412 3192 1047 4033 483 1074
972 982 1912 1819 4002 560 3469
973 356 982 4075 2219 2383 1906 1375 2394
974 264 982 4075 1133 3251 2031 1905 4077 1740 1930
975 982 4075 1885 2403 79 3103 2031 3492 2820
976 244 79 877 982 2070 2354 2819 4172 4075
977 120 123 988 1102 1230 264 3267 972 1709 2635
978 919 3638 982 1885 1792 3842
979 264 1133 625 714 3915 982 4075 2459 2415
980 4172 4075 982 4075 1444 2373 1824 2719 3455 4010
981 120 2637 347 411 3438 411 1530 896 3159
982 2995 1045 1538 1098 1753 148 1085 2483 1963
983 4101 1157 223 2415 714 3915 1424 2894 2894 2894 3027 3781
984 74 1819 962 3718 264 1133 1071 2888 2925
985 120 123 1917 3257 3722 4126 2068 425 426 318
986 404 3529 626 385 318 778 3257 4075 982 4075
987 982 1411 1614 383 3718 3264 1377 3608 2065
988 120 123 120 157 664 4075 982 4075 1710 2048 1708 2458 3014 4172 4075
989 1720 1885 982 1838 213 4070 1897 2951 4077
990 561 1720 2103 2496 2948 3360 575 2436 982 1667 2760 1676 1897 213 2354 1885 2235 3441 3941
991 120 982 1092 2057 2624 2415 2332 2901 3170 3769 3829 3447 4117 209
992 1154 4075 1074 2042 3311 2854
993 74 1828 3718 1652 3227 3148 2683 2130 1753 1828 4075 1989 3267 3796 2294 2749 3656 1720 1652 3695
994 445 564 1030 1154 4075 1211 3267 3039
995 4172 4075 627 2455 3432 2514 2953 2515
996 664 1124 982 4160 1411
997 1367 982 4075 1276 2114 3942 2535 1375
998 1461 71 1703 1117 2336 2117 2177 2377 1867 853 3237 3859
999 68 586 982 4075 1444 1460 71 2302 3274 3844
1000 1565 1507 1565 1652 1907 1554 1720 148 3414 1652 2589 1860 671 3700 1018 1581 3404 3974 2527 3413 849 3977
1001 3017 4035 178 319 568 3103 2911
1002 529 2974
1003 1720 4002 3480 2579 246 3294 2215
1004 515 1154 4075 1904 1930 2369 3931
1005 150 2978 1873 392 1899 870 4015 982
1006 722 1270 2236 2251 2748 3466 982
1007 120 2450 1102 379 4033 483 1074
1008 214 3022 982 1272 1545 1899 3728 3423 2726 2251
1009 1154 1154 4075 1154 4075 1074 1672 1411 3311 4077
1010 1154 4075 1721 42 3270 1280 4002
1011 982 1146 1171 2995 3525 1171 4034 986 3255 3829 3946 2817 2415
1012 1720 3195 3828 2836 4077 2133 2810
1013 120 4184 2144 982 2995 2216 2096 3234 3432 3829 3447
1014 845 1285 1030 2334 1753 1828 4077 74 1828 3718 2964 3126 3299 1285
1015 84 1398 1809 726 1885 982 1411 2082 190 2235
1016 4005 438 3809 4077 1211 1886 1074 2421 4005 224 4002 4005 4033 4002
1017 714 1397 1272 2560 776 4172 4075
1018 1154 2870 3102 1290 3503 3874
1019 4058 2508 982 3643 722 3363 3695
1020 470 3537 982 1411 2947 2200
1021 148 715 842 882 686 884 2545 1720 2307
1022 1720 74 1827 3718 1720 149 1753 1828 4075 1720 259 3798 4066 3254
1023 3292 559 1886 1074 4002 4053 3636 4075 4101
1024 294 982 1411 1272 2166 3896
1025 259 3798 668 1653 3073 3046 1653 714
1026 664 982 1493 3779 2748 3438 3909 4172
1027 2446 3029 3466 982
1028 1703 3231 1885 820 3147 3253
1029 129 336 1143 3843 580 1154 2823 2854
1030 1293 3648 3324 3335 2555 269 2911
1031 763 1074 1886 1074 2547
1032 389 3249 3182 712 651 982 2450 2861 969 2995 1146
1033 90 1966 2784 3809 3045 1966
1034 691 844 3993 2496 360 775 2619 3939 2495 4049 2742
1035 1720 148 580 2077 1907 2853 398
1036 982 1952 2177 1117 3787 4002
1037 552 1714 470 1603 252 2628 3486 71 4182 1885
1038 4139 285 305 4033 428 2288 2683 78
1039 1196 394 2158 1424 1934 2054 1490 2716 447 3215 2266 3381 2132
1040 1154 4075
1041 249 264 310 1692 3654 76 3229 3805 649
1042 120 123 542 982 4075 3947 3709 1544 3983 1544
1043 2948 285 1740 1375 1819 2450 3898 1074
1044 74 1819 962 3718 803 1105 1106 948 802 1550 1611 1619 1753 1828 4075 3204 3206 3733 948 1911 112 4075 948 2052 1911 1754
1045 4021 91 92 109 47 1579 3653 1102 1720 3145 3523 3524 3524 626 3267 3839 3840 3918 33 4000 3267 75 969 105 418 246 842 2683 4068 820 911 4000 1758 3267 1819 2141 2848 2473 3267 2579 246 3103 3212 3311 2683 1885 3239 2177 1117 3209 650 3294 2215 3378 1591 3999 3728 3455 4002 4002 4068 820
1046 820 3796 982 1272 3700 3812 4056 3796
1047 982 4075 3333 2836 3459 3916 3497 2515
1048 982 4075 2400 3316 2986 2657 2910 3070 3316 993 3316 2986
1049 116 120 123 250 437 1308 2687 2070
1050 1445 2450 483 4066 1074 3896 467 4002
1051 664 1468 2289 2415 2445 2415
1052 120 123 982 2268 2415 3311 4160 1411
1053 1154 3267 705 2387 1068 3039 1755 148
1054 2082 190 712 651 1850 1074 2415
1055 285 3896 305 483 4077 712 651 1850 4073 4182 1885
1056 286 664 982 2235 3454 4172 4075
1057 246 1010 1203 1878 1831 3781 2644 252 3581 3781 1466 982 213 4172 3455 3781
1058 982 1280 982 4002 982 4075 1753 246 2579 246
1059 982 2644 982 2644 1881 3859 982 323 4024 2094 982 1074 3410 2644 3545
1060 1256 1905 1444 1256 2288 2644 970 2644 2819 3797 246
1061 264 1133 1071 1444 1912 1819 1322 3103 3103 1930 3244 775
1062 982 4075 1886 721 2647 213 2650 246 2647 1659 2650 3316 993 3316 2986 3518 1064 2487
1063 1444 3287 1538 3764 2604 4075 2619 1886 3246 3421 2258 3103 4160 1411 4075 2645 3103
1064 982 1444 1905 2848 3100 3534 2424 4123 2602 4172
1065 242 4064 982 4075 1133 1071 1445 2288 2683 1904 3316 993 3316 2986 3184 1006 3257 2899 3187 887
1066 1743 264 988 982 4075 2651 3872 2655 3872 2659
1067 786 2041 1793 2459 2415 982 223 2415 1753 2348 1466 982 213 4172 4002 3781 2619 1792 3199 385 1823 780 2459 2415 4172 2619 1753 3047 2415
1068 617 213 620 626 982 626 2731 252 3504 3530 1727 2258 3833 3255 626
1069 81 3199 2695 2606 626 1906 3199 2695 2606 626 1912 1819 3728 2036 2849 2344 1930 626 3267 3843 982 4002
1070 264 1815 506 3589 264 1236 3276 3148 820 1570 1905 1764 1017 1337 2262 3587
1071 982 4075 1293 1574 1293 323 967 1518 2389 1815 1573 2389 1815 2142 1578
1072 177 1574 1905 982 440 1133 3251 1395 1812 1740 3747
1073 982 264 1133 1018 1565 1507 1466 982 3120 3057 2812
1074 438 2450 820 923 1868 3176 820 722 3915 4146 2450 3080 4136 4139 3639
1075 1045 1029 2424 3694 2683 1211 4077 1860 129 3098 3656 2683 1211 4075 3896 1860 129 3457 2683 1211 4077 1860 129 4070 1860 129
1076 120 157 3 3331 1534 369 2357
1077 1124 1323 1154 4075 1074 1155 4168 1155 4002
1078 148 965 1069 1081 1191 1516 1720 1653 846 213 3995 3085 1753 1828 4075 2185 303 2185 1516 2591 2749
1079 982 1411 256 139 714 3915 982 4075 2848 1133 2848 4003
1080 514 2952 982 1029 1192 1843 2644 3103 3399 3052 1193 3462 3363
1081 128 2848 448 982 4075 1150 1029 1192 1010
1082 1880 4139 4172 664 722 3176 3915 982 3781 2540 1006 4033 483 1074
1083 1797 2982 3151 1119 3649 4091
1084 120 2450 820 3764
1085 982 1411 1694 2540 420 1092 3896 3775
1086 2718 820 2807 1045 1284 3628 2450
1087 74 1823 962 3718 259 3798 1029 1720 3030 1753 1828 4075 2823 656 3046 580
1088 285 2236 982 4075 1819 1886 1074
1089 1154 3671 4075 246 429 626 1490 3072 2881 1087 3102
1090 154 869 84 2028 1909 1885 2437
1091 1720 1133 3257 3910 2531
1092 982 1411 4075 1283 381 4075 1158 1633 1676 4077 1645 1676 4077 1648 1687 3501 4075 1747 2019 3371 1689 2045 217 3797 4024 1234 1604 1375 4037 4024 1234 1604 1375 3199 4038
1093 1698 2491 264 1184 3498
1094 982 1702 3575 722 3771 722 4172
1095 1917 3257 2040 3257 2323 2291 3257 3137 2020
1096 74 1828 3718 259 3798 555 1753 1828 4075 3631
1097 120 123 2959 470 1401 1399 2792 2312 1061 3240
1098 1155 389 3249 2661 1154 4075 1685 1819 4002
1099 673 4075 665 693 781 3399 982 4075 988 1586 2017 3088 2092 560
1100 3316 3409 3653 774 1540 982 2748 2918 3911 3103 3409 3653
1101 120 3358 930 246 2122 440 982
1102 1720 1637 3213 1908 1133 3993 2537 213 3727 1337 2709
1103 375 1880 3788 2391 3909 3925 2296
1104 1154 4075 445 2579 246 3287 4005 4075 4033 4002 4053 3636 4075 4066 1578
1105 1270 2244 3267 3311 762
1106 142 1154 1498 1860 3990 3011 3610 3637 3769 4002
1107 1133 1071 1154 4075 1157 2392 2656 2640 3534 2423 1905 3539
1108 120 3607 151 982 3899 3896 1873
1109 4059 846 2683 1809 982 1411 3148 2683 2130
1110 166 1814 1261 4075 1317 1208 1375 2031 1971 2154 2031 1905 2212 139 2304 1516 4075 1256
1111 148 1753 1828 4075 3499 1828 4075 4002
1112 2603 2603 852 2603 1270 410 377 2699 1652
1113 3841 981 626 982 4075 1819 3267 2400 1102
1114 1074 1154 4075 1272
1115 982 1030 2243 2638 3764 2968 2683 570 3436 4118
1116 4172 4075 501 1401 3896 501 2388 1444
1117 1720 2424 1104 3257 3287 3880
1118 259 3798 617 1720 148
1119 120 230 445 486 1406 2070
1120 118 1171 1133 971 3728 1753 1828 4075 3797
1121 361 557 982 2779
1122 120 285 664 982 2325 2758 3648 3105 3882
1123 982 4075 264 3798 758 3798 1726 1413 1885 2415 1935 2268 2415 3300
1124 326 1885 982 4075 246 1885 3589 3454
1125 148 1720 3547 567 3547 742 3991
1126 91 1154 1578 1154 4066 1074 1155 4168
1127 753 776 795 4172 3718 2358 3035 4172 4075
1128 1154 3488 2107 1270 2112 3206 3915 4002
1129 1074 1912 1819 2404 2820 4075
1130 1074 1154 4075 2294 3253 2355
1131 4172 4075 285 795 1559 982 2716 2556 3629 3910 3996 4078 2175
1132 242 368 242 982 242 3941 242 4064 848 3803 2424 1104
1133 1700 2045 1895 919 3718 2027 2045 323 1047 2067 626 2205 2634 2745 3582 2019 3371 2019 3371 323 1689 2045 2079 323 2651 252 2061 2477 595 1074 2276 3046 1176 2205 2839
1134 982 2748 3457 3896 3311 120 157 1319 1480 4123 2602 4075
1135 120 2450 982 3459 2043 4172 3899 3896
1136 246 3267 872 3191 982 4075 2619 3653 3103 4172 4075
1137 592 2243 1154 1850 2235 4126 1611
1138 470 2283 1787 1343 3268 398 3630 3906 4181
1139 1720 9 1516 1905 2150 2304 1516
1140 726 2443 872 3102 982 1380 2235 1695 1819 1930
1141 246 1280 1261 3103 1444 2428 246 2213 2579 4172 4075 4173
1142 285 1444 3103 3653 1912 1819 3728 1935 4066 234
1143 74 1828 3718 1720 3148 2683 2130
1144 345 2648 356 1444 2146 1131 3954
1145 74 1819 962 3718 149 1753 1828 4075 1720 2945 1114 3340 3631
1146 1496 329 636 698 1775 1778 1885 2119 2148 2483 3395 2483 3728 333 2799 636 966 3598 329 3651 3859
1147 982 1310 1788 2268 2415 2797 1310 4033 483 1074
1148 2644 253 982 1389 592 4065 2165
1149 2358 664 4075 4172 4075 285 1885
1150 129 131 982 1411 3565 3671 1272 1438 982 3457 3732 4188
1151 1154 4075 1192 1102 448 1192 1853 3588 1761
1152 120 123 120 3737 896 3159 1608 4139
1153 356 2146 1131 2151 3953 3075
1154 285 664 4075 982 2450 820 3326 3314 4075 3941 4033 770 4172 4075
1155 1535 3020 1383 2296 1885 2561 2307 3925 2407 1886 1075
1156 336 2042 2819 3311 4130 4182
1157 180 712 651 982 2437 3454
1158 107 991 2649 982 4075 2424 1146 3503 2619 3653 3103 31 3600 4074 3399
1159 242 988 1797 1795 982 1203 3178 1823 690 318
1160 4172 4075 982 4075 2625 3103 3455 3781 3984 4077
1161 3269 1155 747 2215 2285 4075 2622 3047 3795 2901 4077 4180
1162 120 157 315 3826 2450 1318 664 982 1565 651 2450 483 1074 3580 1092 2415 4033 483 1074
1163 2082 190 2874 1262 2405 2335 4122
1164 981 626 1753 1838 1893 1935 2459 4070
1165 4172 1972 1935 2363 2730
1166 4172 4075 264 1819 1444 3580 3926 4066 1322
1167 982 1411 3009 1672 3816
1168 119 157 120 123 1995 2844 3608 2065 493 4116 2069 1624 732 4179 982 3896 213 3170 3357 3847 2450 4033
1169 438 820 3174 2072 2071 1433 2450 2068
1170 982 4075 2649 4021
1171 120 157 1318 2748 286 664 982 1211 1074 4033 483 1074
1172 285 4123 2602 4075 1010 318 1261 1534 3287 3879 2174 2291 1985 201 3781 213 714 1029
1173 1720 148 1029 1652 2974 1652 3089 1719 2683 2663 1885 3120 1652 3468 1652 3468 3898 1074
1174 62 129 1154 4002 1615 4002 4132
1175 1102 4002 982 982 4075 1261 3103 1445 1538 4002
1176 84 1398 2894 871 2894 982 1411 982 1628 1411 2864 470 2797
1177 1838 3072 213 4002 2598 1077 3237 3728 3237 3900 3925 2296 1886 1075
1178 613 836 2252 2724 3896 3195 3828 3510 1540 201 3294 2215 3499 1828 4075 3747 626
1179 6 246 2579 247 993 1242 982 4075 3459 1261 3103 1753 2428 246 3509 2945 626
1180 982 4075 1074 3466 1538 4022 2320 209 3509 2658 2987 4123 2602 4075
1181 120 123 982 4075 1089 3037 1530 4172 4075
1182 286 664 4075 686 982 1411 1365 2223 2571 2716 2556 3277 4023 3279 3996 4123 2602 4075 4160 1411 4172 4075
1183 496 3942 1562 1753 1828 4075 1885
1184 982 1280 3421 1837 4002
1185 120 123 664 4075 2529 1885
1186 2424 213 2968 2683 570 1031 1154 213 2582 3811 2527 2966 2974 213 1612 1270
1187 775 90 3728 1325 3256 1652 3728 3256 1652 3728 3482
1188 348 2098 681 86 2152 2549 3718
1189 264 1261 3103 1905 1444 1905 1905 2683 4066 1256
1190 4139 428 982 1444 1916 3581 1444 2450 4071
1191 1720 148 2377 1152 213 2629 129 3219 39 39 39 3080 148 1270
1192 1720 3488 2107 259 3798 1030 3262 2138 3465
1193 1212 4064 2819 1740 959 1819 4066 1074
1194 763 1074 3441 1740 2819 1930 2325 2424 1030 3105 3264 3869 1885 3882
1195 120 123 392 2797 1310 816 3828 2259 648 2415 982 3575 3240 3886 4033 820 4172
1196 1154 4075 202 3426 3468 3896 4075 3610
1197 366 641 982 2787
1198 1720 259 3798 3910 1942
1199 149 74 1828 3718 205 889 781 3850 1307 1298 3415 3181 1434 3691 1642 1669 1720 1753 1828 4075 1992 1958 1795 1834 1797 1834 2470 2496 3941 3755 3941 3941 4029 4040 1074 3253 2055
1200 2970 3067 3223 3843 3795 2284
1201 955 2683 252 246 1281 2803 3029 2528 2133 3653 1073 3103 1104
1202 1720 148 2243 171 1652 3728 749 2415 953 2683 2390 1877 1652 3728
1203 1720 159 1067 2667
1204 1805 3462 2122 1874 1936 3199 235 1804 3162 1534 2987 668 764 74 2964
1205 988 2650 982 2650 1104 1133 1071 4074 3399
1206 841 553 982 3602
1207 982 1535 1945 3249 2661
1208 1746 3936 305 1320 982 3896
1209 601 1064 3818 956 4043 3819 2886 2290 4043 3813 3289
1210 74 1828 3718 149 714 3253 714 3915 1114 213 1113 1114 1321 1885 213 1886 140 4066 1753 1828 4075 1720 1886 1074 2085 2101 2726 170 2726 3068 2726 2726 3900 1860 1535 3020
1211 1625 1865 470 3888 1885 3797 1875
1212 87 98 4075 724 895 2449 4075 988 982 4075 1293 1294 1303 1229 3276 323 967 1232 3564 775 3252 1466 3902 1645 1647 1648 1676 4075 1699 1720 1747 1676 4075 1687 3501 4075 1751 1753 920 1753 1470 1415 1753 1680 626 2140 1753 1828 4075 2411 2466 2401 2401 2866 3892 2998 2400 2304 3013 2659 2727 2961 2532 3135 2868 2975 4075 3090 2117 2651 476 3318 3193 2759 3580 3373 856 3471 3701 3430 1471 4075 3466 84 3264 3718 837 4075 3499 4075 3980 3973 3103 3267 4007 4005 4075 4075
1213 264 3798 1720 4172 4075 1676 4075 3296
1214 982 1214 2069 1875 3311 3812 3608 2065
1215 982 1753 2305 626 2476 756 1454 2864 470 2433 626 3141 3947 3581 4047 872 3191 3267 4172
1216 900 1204 318 982 4075 3460 3581 626 3267 3483 3775 626 900
1217 919 982 4075 1204 3684 1333 4087 1204 318 1935 1525 2647
1218 1792 1204 1803 1204 1910 626 1519
1219 981 626 982 4075 1261 3103 1204 1792 2433 626 2830 2864 470
1220 120 157 120 157 982 2779 3702 664 982
1221 2529 2942 1361 982 3910 2256 3072 3725 139 1466 3910 2683 983
1222 592 3247 804 937 1886 1074
1223 982 1411 2450 483 1074 3045 3311 1375
1224 3193 3103 617 626 850 2610 74 1828 3718 1703 985 2152 1753 1828 4075 3947 1894 1893
1225 668 803 1411 1611
1226 714 3253 3020 1885 213 1886 140 4066 1676 1885 213 1886 140 4066 1753 1828 4075 1720 74 1828 3718 149 2160 3901 1679
1227 760 768 982 1203 1261 1266 2142 1844 318 1795 1797 1834 1834 2038 2644 2625 3103 4075 4172
1228 392 2415 1074 2251 1922 2552 2066 273 3227 3311
1229 711 982 4075 1261 3103 1824
1230 1275 1362 2308 3597 2697
1231 4172 4075 264 3798 1391 1726 1412 1885 2415 2268 2415 2887 2890
1232 74 1819 962 3718 1205 820 1753 1828 4075 1893 2945 440 3082
1233 1154 4075 519 3639 1154 4075 2656 1369 3653 247 252 1930 3725 246 1484
1234 369 981 626 1893 2219 2907
1235 800 1366 1720 2019 3371 2679
1236 982 1411 982 4075 3459 2547 2748
1237 664 4075 726 1885 982 4075 1074 3466 2267 246 3452 4066 771
1238 74 1828 3718 259 3798 1720 3311 1375 3468 3896
1239 285 4172 4075 792 1738 385 2943 3213 2579 3781 3438 3694
1240 148 626 617 1720 1795 3520 3789 3789 1590 1753 1828 4075 1819 2215 2305 626 3499 1828 4075 4002
1241 982 4075 1108 1801 1832 2881 1087 3103 1241 4002
1242 149 3227 920 3277 2228 3552 3553 2485 920 2280 3277 3688 2683 919 3492 3551
1243 618 1819 3267 982 4075 2951
1244 295 1018 1719 2387 2296 4002
1245 1154 2599 1074 1411 1628 1885 4075
1246 2647 1534 982 3482 3718 982 4075 3460 4033 2834
1247 4172 664 982 2484 3195 3828 3288 3880 2986 648 3192 4160 1411
1248 255 264 1154 2253 3251
1249 264 1133 982 4075 1991 2763 418 3103 3001 4172 4075
1250 1154 1753 2320 209 2622 3047 3289 4002
1251 2379 2586 4197 3492 4172 4075 982 4075 1074 2415 1089 1753 2956 3624 626 1819 3267 2219 1045 2219 2383
1252 148 616 1516 3103 672 3294 2215 1893 3499 1828 4075
1253 110 668 1720 2189 1506
1254 1260 1720 739 1280 1695 2579 1832
1255 982 4075 1516 2848 1516 3067 2424 1930 3103 4066 1885 3067
1256 107 982 2646 2647 3100 3378 1735 4074 3399
1257 1650 1905 919 982 4075 2219 4012 71
1258 1040 623 165 264 79 982 4075 2257 1000 1511 2983
1259 664 4075 982 4075 726 699 726 1885 2918 209
1260 1154 1168 2663 2884 2921 322
1261 828 2555 2554 2285 3120 2854 3547 2292
1262 988 3459 1444 2424 1272
1263 671 1720 580 212 4060 1652 3728 3267
1264 764 385 3695 2018 3695
1265 1652 3728 1321 1889 1076 1083 1909 3120 1652 3147 3656 3399
1266 982 4075 1330 2918 3002 3421
1267 982 1411 579 1074 2923
1268 115 1929 580 1886 1074 3925 2296 1886 1075
1269 1154 1154 4075 1424 3996 4123 129 1154 4075 1074 2748
1270 982 4075 2282 3307 4172 4075 264 1819 1444 1912 1819 2819 3202 3199 3301 272
1271 319 1905 1828 4075 2370 3802
1272 185 242 982 4075 3459 79 926 1104 2376 1979 3678
1273 120 123 238 982 1132 2301 1242 1378 2450 2563 3437 4172
1274 3520 259 3798 1884 3294 2215
1275 370 1354 3728 1444 3716 4075 2134 2810 4172 4075
1276 71 1388 3613 1720 3002 2823 2412 3044 3126 3941 3620 2774
1277 654 982 4075 1540 2918 209 3203 209
1278 256 3257 1654 323 1885 1819 4002 1819
1279 384 485 3305 368 3277 596 3398 1074 982 3277 1691 3277 2196 1074 3400 3950 3862
1280 120 123 299 3571 286 1866 775 2070 79
1281 1444 1905 2288 2424 442 3653 438 4075 4075 1256
1282 1720 1352 1884 1783 2599 2962 3035 4140
1283 120 123 3947 2099 285 982 1740 1375 1819 2450
1284 148 720 1720 2067 1594 2200 2067 1594 2200 2117 2067 1594 2200 3087 626 2124
1285 2450 3240 3695
1286 1463 3979 2808 3868 3275
1287 1623 1720 2612 264 79 758 3720
1288 1261 3103 2393 1871 2991 4075 3947 4172 4075
1289 1266 2142 1844 318 1834 1834 3435 213 3581 4172 4075
1290 470 1401 982 3623 2450 58 213 1098 4160 1411
1291 982 1912 1819 1935 1935 2024 2161 26 982 4063
1292 982 1029 1272 2547 3694
1293 1753 1828 4075 1935 1525 2739 2740 2741 3007 2743 3295 302
1294 1047 3942 1892 2120 2206 638 2227 3260 1812 2570 3046 633 2551 3728 2205
1295 1787 2268 2415 2719 3435 209 4046 626 4075 201
1296 372 1154 1108 2074 1411 4075 4088 4149 1108 356 517 4077 1740 1930
1297 130 191 1720 1713 191 2083 74 1828 3718 459 1180 2306 4126 1640 3467 4133 2306 3024 1353 3093 3468 213 1533 2395 3547 2292 3765 3910 312 3045
1298 219 3199 468 1154 1211 4075 1074 1234 1148 1740 3267 2784 1897 3619
1299 1154 1154 1588 2346 2608 2422 2683 1819 3728 2529 2030 626 3627 3478 4066 1322 3641
1300 169 254 2850 1280 436 2344 1721 4066
1301 259 3798 633 2305 626 1172 2305 626 2579 246 3499 1828 4075
1302 22 2387 1737 23 24 2387 1737 1154 1492 2387 1737 22 3488 2107 4123 129 684 2307 2310 2380 2560 2706 3115 4066 3443 4077
1303 65 1103 982 1553 2035 2948 3745 297 576 4123 129 318 668 726 1885 1224 1398 1809 2235 2235 2802 2476 2819 4077
1304 392 2335 982 1411 3508 1468 66 2555 2554
1305 3508 3569 314 4172 4075 799 982 4075 2951 4077 4180
1306 135 3653 810 2554 1154 4075 1270 1703 3258 3503 4134 1740 1885
1307 120 157 588 2753 1171 982 3983 2359
1308 4172 4075 247 993 1242 872 2579 982 4075
1309 1308 2687 703 2687 1475 2450 3240 3355 3859
1310 1154 4075 600 1516 2174 2488 1578 2488 1683 3239 2488 3832 900 90 4075 1256
1311 3520 4002 246 1579 247 993 773 2291 2209 3294 2215 3467 412
1312 1534 4170 982 1411 982 4075 1272 209 2424 654 2918 209
1313 1676 4075 1676 4075 1997 1217 4075 2483 264 79 16 38
1314 4139 923 1868 1242 1108 2995 3243 3473 2968
1315 982 3459 3249 2661 3610 4002 1171
1316 120 123 982 1917 1015 1264 1917 3257 4033 820
1317 4172 4075 1824 2848 275 3462 3987
1318 120 123 292 927 2273 3405 2450 3029 3311 3580 1092 2415
1319 264 982 264 1444 264 3747 385 1748 4066 1256 1905
1320 1154 1720 264 1676 4077 2504 3409 2324
1321 1203 4172 4075 872 3191 982 4077 1444 1878 1831 2943 3213 2579 3781 2986 648 3192
1322 1154 1653 4143 1885 2870 3102 1290 3423 812
1323 664 982 2424 2484 2836 4172
1324 1154 1672 1411 872 3102 1155 1280 2251 1280 1578 1695 1819 2428 246 2579 246 4066 246
1325 148 1720 2415 2622 3047 3480 3520 4002
1326 1154 4075 2177 846 2995 3399 2693 1030 2968 2683 570 1030 3178 418 2032 3183 1453 1010
1327 1540 162 2684 3747 3316 1933 3355 4172 3514 1006
1328 1533 1720 3045 1720 4002 3915 2973 2685 3744
1329 919 982 4075 1893 2691 3726 3316 3432 2825 3202 3199 4082
1330 982 1270 2415 2670 3618 1310
1331 74 1828 3718 149 602 3227 470 3644 1885 863 668 1668 1676 1753 1828 4075 1720 1885
1332 414 203 2116 2121 3816
1333 479 479 3380 501 559 559 1753 1828 4075 2697 3528 2331
1334 4123 2602 4075 1133 1006 1837 2889 4002 1006
1335 435 982 4075 1280 2424 1104 4002
1336 306 2352 451 3267 1756 2356 2781 449
1337 626 714 3915 2305 3024 713 4002
1338 730 982 4075 988 1672 2625 3103 2644 4002 4024 2095
1339 620 626 1154 1721 1280 4077 3581
1340 74 1828 3718 259 3799 1705 79 747 1720 1676 1676 1864 3896 2694
1341 120 123 285 712 978 1272 3029 2415
1342 148 1701 1720 2019 3371 2523 608 2525
1343 3374 3542 4172 4075 456 2980 2322 2980 3070 4075 3244
1344 982 4075 3459 1544 2424 654 2918 209
1345 842 2683 1819 1154 4002 1155 1074 3882 209 3346 4169 1588
1346 943 3491 1997 1217 4075 1261 3103 1579 4002 3013
1347 3103 1459 3362 504 1473 213 3103 1660 3476
1348 4123 2602 4075 1133 3747 1245 209 3103 3103 1930
1349 2644 982 1234 2866 1819 1322 4002 4024 2094
1350 3842 982 4075 1217 1885 2348 2576
1351 1108 3081 297 1157 1157 1588 1280 2251 1758 3267 3345 3728 3455
1352 1154 4075 2253 4075 2503 391 4098 1330 1424 2619 3283 1922 3316 4066 3444
1353 1632 4058 2508 712 4019 982 1411 982 1672 1411 1757 3170 3769
1354 1154 4075 1185 1781 2980 3590
1355 1074 2243 1974 4033 820 1922 2450 2243
1356 120 2450 982 4075 2026 2778 2779
1357 1013 1272 1437 1171 2785 939 3175 1171 3635
1358 1676 4075 1897 4075 264 3798 1753 1828 4075 1819 3267 2268 2415 4066 2032 4066 3244
1359 259 3798 1720 148 3759 2200 438 2426
1360 120 157 1318 2297 712 982 4075 3896 4033 770
1361 696 1611 1154 1291 3120 1652 1211 3253 1312 3308 3843 3914
1362 664 982 2268 2415 2450 483 1074 3435 209 3896 1146 4172
1363 938 1724 1893 1977 2610
1364 1720 2320 209 2987 3082 3403
1365 982 1411 1203 1272 3671 3695
1366 499 982 1272 1389 592 2055 1029
1367 1154 4075 1074 2748 1967 2784 3120 1652 3267
1368 685 2825 2104 2703 3380 1196 2371
1369 982 4075 1912 1819 3267 3157 3676 3244
1370 980 1593 626 2564 1720 2000 4075 2558
1371 803 3397 1155 4168 2424 1104 2424 1146 4182 1885
1372 252 3041 628 1819 981 626 982 4075 1972 626 1860 4085 2415
1373 631 2968 827 1752 1079 1603 768 2918 209
1374 884 2545 1720 1819 3207 2198
1375 1154 4075 2574 3122 3764
1376 1133 3257 259 3798 779 580 714 2488
1377 1154 4075 1074 1652 570 1860 3261 2138 853 1929 580 2483 2726 1377
1378 18 1596 3248 982 982 1330 1445 2650 1534 737 3992 412 1261 1534 2339 3227 1336 97 4004
1379 402 3311 982 1411 1074 3896 2415 4002
1380 1102 3436 982 1985 201 3497 2510 3846
1381 1916 483 2819 2154 297 2484 2718
1382 1154 80 1881 2258 100 252 3581 626 2421 4005 4075 224 4002 4066 4033
1383 1720 3045 1720 3910 2171 76 2513
1384 1154 4075 1157 1795 1797 2077 2894 3455 1967
1385 982 1737 1863 2236 2636 3829 3913
1386 536 25 982 4075 2649 2488
1387 664 1885 747 982 1672 1411 2951 3887
1388 747 982 1380 2235 3078
1389 1613 383 3718 4172 4075 982 4075
1390 217 247 993 1242 2683 1885 1137 3910 2459 2415 3466 982 3842 3797 4024 2095
1391 982 3466 1227 1534 3421 2627 2830 1542 3144
1392 1652 580 4143 2699 1652 4180
1393 664 982 2713
1394 820 213 3045 982 1468 2075 3576 3771 3029
1395 1154 4075 1074 3488 2107 139 385 2415 213 3503 1653 4143 2632 1885
1396 336 361 987 3655 1652 580 3073 1720 148 2042 2294 3655
1397 1154 1394 318 369 448 452 1030 2784 3861 4075
1398 1720 148 1974 2446 3575 842 3696 209
1399 336 1720 148 1974 1974 2483 1875 977 213 1652 3695 2042
1400 571 2904 3726 316 3878 213 1052 948 2639 3138 3724 1051 968 1154 4075 1740 1375 2613 2619 3418 2541 3432 3316 4077 3774 3514 3399
1401 218 626 2205 242 1935 348 1089 2496 360 775 1885 3313 3492 3884 213 79 2683 3879 3617
1402 389 3249 2661 982 1075 1490 213 1075 1224 1286 2268 2415 4050 3896
1403 214 3022 982 4075 982 4077 982 4077 2748 3459
1404 982 3459 3288 3881 2986 648 3192 1466 982 3466 2683 982
1405 161 982 1203 1795 1797 1819 3621
1406 559 1720 3166 3167 4061
1407 499 626 1819 4172 4075 982 4075 2625 3103
1408 1151 3775 454 1463 3979 1664 1737 2171 3775 2443 3775 3034
1409 148 459 949 1270 614 2488 604 2995 1720 4161 2876 3658 3356 129
1410 808 3518 820 982 1263 1128 1544 3694
1411 84 2028 1909 815 4041 4039 1668 907 982 1672 1411 2160 1377 68 918 2773 626 3887
1412 499 3856 4172 4075 2358 2813
1413 529 2974
1414 480 714 3915 3046 1237 3075 2135 3182 2683 2626
1415 982 3123 413 2554 209 3253 3852 209
1416 1154 4075 1392 3199 246 1172 1506 1848 1912 1819 2882
1417 1261 4075 1885 3311 1458 2987 3332 4028 4082 3199
1418 982 1247 2415 1468 2748 3195 3829
1419 110 667 2701 3728 2190 1297 668 1272 2082 190 3695
1420 1155 100 4033 370 820 1534 1354 1832
1421 1154 4075 1424 1819 1322 1819 3267 1912 626 2293 1819 4066 2820
1422 762 1240 762 1652 4143 1018 1211 3267 2705 1565 1652 3413 137 1753 3261 3694
1423 246 807 1154 4075 1280 1578 2579 3102
1424 499 982 1557 3170 3923 4117
1425 982 1893 1936 20 2459
1426 105 193 1568 860 2698 1137 3747 2515 4002
1427 773 79 982 1582 2515 3669 4002 4002 105
1428 263 3798 311 1903 1905 2424 2415 3146
1429 242 1885 1133 3798 1886 1074 2893 3120
1430 934 4059 846 2683 1809 982 1163 522 1652 522
1431 982 1272 1874 3459
1432 555 982 4075 726 1885 2235
1433 74 1819 962 3718 1753 1828 4075 2019 3371 2575 2712 1885
1434 74 1828 3718 357 920 2702
1435 1154 3910 3937 672 2296 264 1133 1133 1018 1133 2818 1753 1540 4066 2820 4075 2731
1436 626 1018 1797 3241 2782 473 339 2305 626 358 982 1816 626 4086 2235
1437 1029 1154 1211 1886 2819 2377 1152 3264 3718 2819 1787 4172
1438 575 2521 982 4075 1843 2054 1490 448 2619 3653 2644 3103 3358
1439 982 1411 2268 2415 2294 1900 4054 213 2295
1440 982 4075 1272 1565 1652 1753 1886 1074 2355 3454 3896 2415
1441 3388 2085 2047 2875 2748 3829 3447 209 4119 4019
1442 44 281 71 929 4196 1004 988 982 4075 1023 982 1411 1025 1050 2145 71 1026 982 1628 1411 1135 982 3482 3718 1368 1390 71 3382 3622 728 1004 982 982 1628 1411 982 3482 3718 1390 71 3124
1443 1029 1029 3181 1720 2418 3620
1444 386 1527 544 982 1773 1777 3783
1445 1313 1445 3311 320 4160 1411
1446 120 157 871 2915 1092 2057 2619 2141 2415 2915 1034 3668
1447 1074 1154 4075
1448 120 123 982 4075 1885 2069 2667 2130 1719 3875 2806 1171
1449 1157 1424 2269 3563 3654 76 3229
1450 1723 714 3491 982 1671 3718 1272 2219 79 3718 2749 3311 1375
1451 1154 4075 1392 3199 246 1242 2683 1885 1280 1424
1452 1154 246 3075 1819 842 2683 3102 2473 3264 4002
1453 1886 1074 1272 3120 1652 2971 13
1454 982 1694 1262 1753 986 2450 3575 1092 3983 2063 4033 483 1074
1455 120 123 4172 285 2450 3769
1456 908 982 1807
1457 982 1411 1346 982 3718 1951 1672
1458 246 1473 1102 4002 1155 1578 1762 2579
1459 982 982 1672 1411 982 3482 3718 982 3698 1538 2987
1460 148 1720 1885 1047 2067 626 2205 3079 1375 3798
1461 982 1672 1411 3050 777 209 3173 3588 3949 1411
1462 129 527 1277 1909 3420 3621 1278
1463 1720 2963 2005 2964 1595 2963 2005 2964 1819 3207 1895 3718 2617 2963 2005 2964
1464 664 982 1997 1217 2235 2450 4123 2602 4160 1411 4172
1465 1263 1652 1272 1652 3728 2744 1888 1075 1082 2722 1909
1466 285 330 1471 494 3571 1211 1886 1074 2109 3571 3369 3571
1467 190 477 2082 190 4123 2602 4075 982 4075 1444
1468 120 123 230 3625 300 56 695 1961 896 3159 2070 79
1469 1102 936 269 982 2242 2758 3648
1470 982 1411 1263 213 3548 1163 1375 1609 2688 3575 2825 209 3575 3620 209 3579 3177 842
1471 982 3659 1672 3904 2497
1472 714 1397 982 2028 2258 2160 1264 2235
1473 762 1946 982 1418 213 90 2746 3983 3465
1474 1154 1154 4075 1154 4075 1074 1487 82 2042 3311 2854 3664 2042 3909 4077
1475 1996 349 982 1270 2748 3812 3694 4033 483 1885 4077
1476 454 958 795 229 982 982 4075 2560 2240 3034 4033 483 1885 4077
1477 671 2493 4167 872 481 3909 982 4075 1270 1544 3459 4077
1478 866 796 1672 1411 1154 4075 2074 4075 2253 4075 1885 2377 1152 3264 3718 840 2603 4075 475 3306 4011 1411 3568 191 1672 1411 4146 1652 2726 4172 4075 369 1270 1348 2708 1633 2478 951 209 2479 2334 2938 3053 3466 84 3264 3718 3466 1211 1886 1074 3466 1411 4133 3816 3718 4077
1479 1211 714 2243 3253 1424 1565 1652 2294 852 3289
1480 314 1029 3120 1652
1481 3164 774 1540 982 4075 2424 654 4163 3639
1482 914 3760 194 71 3002 3493 982 4075 3489 209 4002 1173
1483 285 1444 4172 4075 982 2716 2556 3629 3910 3996 4078 2175
1484 74 1828 1081 1753 1828 4075 2712 1885
1485 1070 854 743 1720 3896 1721 1753 2118 252 2453 3843 666 743
1486 982 4075 1912 1819 3267 2159 624 1812 2268 2415 4075 1885
1487 77 925 982 4075 2929 155 3492 3297 1607 4066 3244
1488 3316 4075 714 3915 312 3852 982 4075 1507 2415 1931 4002
1489 3316 3444 982 1359 4052 1885 2542 1074
1490 120 123 150 3769 982 2419 3944 161 4172
1491 1154 1154 4075 1157 2597 2931 534 2641 260 2693 2167 2653 71
1492 743 3656 763 1074 1720 148 3468 3898 1074
1493 788 467 982 2480 2457 2565
1494 1168 1927 1067 1652 3089 1946 3080 2405 2334 3656 2536 3468 1652 3468 3065
1495 671 1154 1154 3910 631 1886 1074 2125 2294 3762
1496 3958 4067 4048 1398 1809 3444 4070
1497 981 626 982 4075 2263 626 2450 3358 2825 3202 3199 3530
1498 74 1828 3718 1262 1272 2964 2963
1499 982 2042 336 213 3020 3311 1375 3548 1163 3608 2065
1500 1028 1720 1631 1826 1885
1501 1132 3351 626 2232 4077 2133 2810 4168 1155
1502 264 982 1104 2943 318 3807
1503 765 982 3482 3718 1028 2303 1576 820 3466 982
1504 1720 148 4123 129 1146 2785 209 1163 1604
1505 129 1074 3694 1180 1886 1074 2345 2294 213 1652 1900 2704 3566 2748 3267 3729 1321
1506 1154 4075 1154 4075 1074 1133 3094 3797 3910 4002
1507 532 1733 2037 3199 85 1150 1885 1753 1828 4075 3947 1819
1508 525 1387 982 1411 2746 1652 3074 3020 3147 3656 3178 1030 3781
1509 2490 1832 3015 4033 3089 4002 4033
1510 74 1828 803 1090 213 1088 3232 213 3467 3468 397 3468 3547 2292 3733 4164 115
1511 1133 3399 1154 4075 1394 1133 1672 1411 3251 4066 2130 910 2415 3728
1512 2146 3168 2147 2238 1409 2238 3249 2262 3587 3428 3677
1513 336 399 2695 1154 4075 1074 1652 2042 2294 2871 2663 3020 3120 1652
1514 246 3410 626 982 3466 3872 2423
1515 4172 4075 743 3311 1375 3457 3575 209
1516 246 982 4075 1491 1238 2424 2415 3013 2683 2284 1467
1517 84 1720 84 1398 1809 982 1030 1477 1535 1264 1824
1518 1534 3906 2487 1541 4128 2175 2683 1505 1538 1634 1753 626 2994 3399 4066 1740 1375
1519 176 1506 3399 1897 4075 2106 2509 2899 3399 3509 1108 246 4055 4019 1108 2683 1658 648 2700 246
1520 1074 4033 1917 1370 2867 2870 3102 3781 2334
1521 982 2923 651 1860 3034 3034 4050 3896
1522 701 3728 1074 1028 2303 1720 148 2483 607 2683 949 3614 2446 3182
1523 74 1828 3718 159 440 660 612 743 3656 917 978 1720 1676 4075 628 3199 2028 1909 2089 3103 1753 2149 3773 3773 1080 1504 3988 864 1274 1604 1375 1567 1426 3181 1936 4 3103 1753 3311 1375
1524 1652 3089 1672 1411 1154 3152 3573
1525 982 4075 1976 1935 2016 3953 3952
1526 120 123 141 412 285 664 753 1270 2268 2415 3575 3379 3896 1146
1527 579 1074 1720 1705 79 259 3798
1528 1563 982 1411 3575 722 3693 1600
1529 74 1828 3718 617 626 850 1753 1828 4075 1885 2724 2247
1530 1312 1753 1828 4075 1891 3249 3453
1531 377 982 3459
1532 120 3849 1774 3568 190 235 438 820 1255 1510
1533 704 2011 982 4123 2602 246
1534 120 123 536 25 626 753 982 4033 770 4066 3244
1535 540 1154 4075 1675 3676 2972 626
1536 1153 1313 1753 1828 4075 3941 957 1043 1377 3885 2747 3910 3670
1537 990 1398 1809 2327
1538 2424 438 4070
1539 126 1712 264 1839 2296 2942 1302
1540 1775 2963 2964 726 3921 2845
1541 84 2028 1909 982 1411 1676 2783 3237 3900
1542 260 2693 1144 1374 1149 2502 2979 3492
1543 982 1444 1659 2339 2625 3103 3100 3534 220 3187 3381 4066 2986 4172
1544 1666 2146 2322 2146 3902 4033 1916
1545 120 122 2450 982 4075 2424 1029 3287 3907 2174 2291 1985 201 3581 3049
1546 3978 3219 982 4075 3316 3409 3653 1140 3244 3662 1444 3316
1547 286 747 1074 4033 1272 3289 3983 2995
1548 763 1074 1030 3463 1321 3656 1419 1321 1855 2968 2683 570 3781 3435 213 3581 3983 1652
1549 246 993 1242 982 2268 2415 2718 4002 3641 4172
1550 811 2286 1946 3396 3289 3983 1652 4033 483 1074
1551 1922 4033 2243 1946 3396 3289 3983 1652 4033 483 1074
1552 284 286 664 664 4075 687 686 982 982 1411 1365 1438 1136 2601 2673 1438 1999 2223 2223 2565 2720 2571 2573 2716 2556 3277 4023 3279 3349 3996 3998 4025 3348 4123 2602 4075 4160 1411 4172 4172 4075 4192
1553 1157 1154 4075 2261 2253 4075 3912 1424 1847 2869 1885 3782 4066 2869
1554 242 1895 242 2614 258 79 678 1361 1308 2687 1314 67 1361 2385 834
1555 352 466 1081 74 1819 962 3718 259 3798 1753 1828 4075 2294 1002 2841 2842
1556 34 35 40 1154 1270 3635 3512 3067 791 2415 2085 2683 2067 2661 2482 2554 2483 2414 2683 3896
1557 753 664 714 655 982 1074 1863 1411 3694 3971
1558 247 1133 798 659 873 880 1209 3105
1559 1154 1453 4081 1653 1703 805 1886 1074 1646 1885 820 2870 3102 1290 3019 3503 3874
1560 178 520 1444 2450 483 4075 3825 483 4075 4033 483 4075
1561 120 157 1917 3257 3137 4126 3938 425 2020 2488
1562 982 1029 3910
1563 460 982 4075 3333 3144 4075 1010
1564 1133 1071 1154 4075
1565 84 1398 1809 774 470 850 982 1885 1029 2683 982 1664 2797
1566 368 1885 524 635 982 1411
1567 982 1411 1545 4121 3223 2547 3311 1375 3575 1694
1568 196 71 982 1197 1843 2644 2984 1421
1569 148 259 3798 1133 1006 2776 1720 4066 3254
1570 292 3941 74 1828 3718 135 1603 765 1533 1786 3311 1375
1571 753 982 897 121 1538 1102 2402
1572 1720 3941 74 1828 3718 1133 3257 1133 3227 3487 1171 213 118 3192 2424 1030 3763
1573 120 982 2372 1196
1574 120 366 3823 753 4172 4075 664 4075 982 1074 4033
1575 120 982 1652 2042 336 3020 3311 1375 1254 1272
1576 1154 4075 2163 4075 2253 4075 3316 993 3316 2986 1211 4077 1425 2392 3244 213 3879
1577 519 4075 1154 4075 246 1424 1578 2781 1422
1578 1753 1828 4077 74 1828 3718 3558 2846 2159 4133 1753 1828 4075 213 74 1828 3718 3871 2296
1579 1443 2090 323 3103 2132 3381 2146 1131 2371 4066 3103
1580 626 949 982 4075 1629 2175 1753 1629 1462 1001 2789 626 1893
1581 1055 577 1885 1225 2100 4044 1038 1148 2100 4044 3730 1148 3036 838 301 1074 3126 301 1772
1582 484 1309 982 2070 79 2358 3146 3778
1583 988 1544 988 988 1246 3219 982 4075 2644 3219 2995 3656 4066 1984
1584 74 1828 3718 724 3277 3740 1753 1828 4075 2679 2247
1585 120 123 4139 1494 993 1534 1126 1538 2420 3969
1586 669 4002 982 4075 3203 3103 3787 4002 4002
1587 1385 1742 933 1304 2469 3336 242 982 79 982 4075 2990
1588 120 123 664 4075 747 982 4075 2262 3587 3105 3144
1589 84 3972 1411 664 4075 747 982 4075 2424 1272
1590 890 944 1154 4075 1578 1955 4002 2459 2415 3086 1354
1591 286 664 1411 982 4172
1592 464 2219 2972 2838 982 2951 850
1593 74 1819 962 3718 3045 213 820 3080
1594 2583 3201 471 2819 2945 1000 729 1375 784 2954 182 2050 3399 213 1861 3905 4183 4191 2051 4105 4190 1862
1595 188 1154 4075 1074 1611 2233 4075 1154 2751 2243 3205
1596 1154 4075 1074 336 1652 580 4143 2042 3045 3020
1597 120 123 1267 2338 474 2069 820 2914 3067 3680
1598 897 438 910 1005 3257 1018 1177 1116 1435 2450 2950 3249
1599 1154 4075 223 2415 650 714 3915 2112 2096 4002
1600 62 982 4002 2901 4002 821
1601 1154 1819 842 1819 3102 4002
1602 982 1444 2060 3316 4172 1885 2986 648 3192 3358 4070
1603 626 1280 247 994 1242 95 872 3191 626 982 4075 1830 2579 246 4172 4075
1604 68 2656 2640 4099 4168 1155
1605 554 982 2268 2415 2415 3421 4033 483 1074
1606 617 2200 1359 4052 1753 1828 4075 1778 1881 1375 177 1893 2219
1607 519 4075 1154 4075 246 507 2579 1578 2781 1155 3653
1608 120 123 285 1318 4033 770
1609 911 1580 198 3726 1102 936 3267 941 1676 4075 1912 1819 3267 3854 1799 2969
1610 264 3747 1211 4077 1455 374 209 1740 4075 1930 2322 2415
1611 470 1177 4125 2388 2883 3103 3889 223
1612 499 664 4075 982 4075 4172 4075 1211 1886 1074
1613 74 1828 3718 1089 1718 1948 1718
1614 264 1819 438 2258 2683 982 1074 714 1074 982 1272 2159 335 4077 3095 4002 3641
1615 982 1444 2487 3316 4075 3903
1616 242 1893 1720 323 2557 1081 1720 148 2569 2596
1617 982 1272 2475 2779
1618 904 2068 2381 1074 2683 3909 2104 2498 3925 1074
1619 298 1054 3526 3718 74 1819 962 3718 1047 1892 2202 3718 1125 1365 1074 1753 1828 4075 4153 4154
1620 982 2473 1819 2724 4002 3354 642 3690 1087 3383
1621 27 2134 3100 694 1459 842 2455 1265 172 1444 2646 2647 3100 2529 3072 3370 840
1622 389 3249 2661 982 2415 2718 2662 3272 2718 2718 820 3641 2797 1310 3435 209 4002
1623 671 982 1162 2593 2415 3577 1092
1624 1373 385 971 2267 2446 3003 1154 3147 3656 3488 2107
1625 105 120 2450 1280 1444 3359 3103 3669 4002
1626 470 714 3993 3658 3356 129 3887
1627 603 993 651 731 1592 644 2415 982 4075 1495 1392 1444 1146 2424 1146 2281 3503 3509 2423 1453 3770 993 651 3829 3259 1495
1628 148 1036 1720 2612 3370 3653 2420
1629 2236 66 3029 3466 982 4112 3491
1630 1154 4123 129 722 209 978 3577 209
1631 120 123 664 4172 982 2450 820
1632 60 598 315 2296 2942 242 982 4075 79 423 2848
1633 120 123 525 1387 285 764 385 982 1171 1946 2450 3658 3356 129 4033 483 1074 4077
1634 982 1806 1808 3544 3790 3267
1635 264 139 982 4075 2991 3876 1110 1904
1636 1154 1720 3488 2107 714 2749 2176 3843 1463 3979 2387
1637 242 1528 246 558 2003 1613 381 3718 1874 4172 4075
1638 934 820 1946 982 1885 2415
1639 286 1263 1652 3120 1652
1640 664 982 2235
1641 1427 1565 1652 1913 2542 1074 3253 213 1018
1642 246 993 1242 1030 2560 776 3455 4002 4172 4075
1643 366 3823 546 1916 3698 2865 2304 2866
1644 1753 626 2207 4075 3947 1749 4066 1885 3287 3880 2986 648 3192 3333 2836 4152 2485 2117 4077 3227 4075 4155
1645 982 4075 982 4075 2820 1234 2866 2429 3665 2429
1646 431 1853 788 982 1672 1411 1137 1494 1663 2623 2945 213 470 3257
1647 1074 1331 438 2918 4070
1648 982 4075 1108 1800 1765 1860 3519 3072 3236 2930 2816
1649 134 761 4019 1828 1769 1797 3718 2584 1535 3444 3046 246 962 3046 1828 3367 3444
1650 605 1289 822 2299 982 1411 2173 1356 3904 2497
1651 1154 4075 2214 2474 245 368 3894 1672 1948 3869 2029 2535 3294 2215
1652 982 2159 335 3787 982 4002 4002 3384 4160 1411
1653 1720 2820 1948 2322 1948 2356 2619 1753 3047 2709 3520
1654 982 4075 1074 820 4033 820 4075 709
1655 120 123 1160 3199 1959 1081 3103 4172 213 982 4033 2651 3199
1656 982 1721 168 1810 2584 1535 3444 3791
1657 286 325 1885 664 4075 982 4075 2387 2871 4172 4075
1658 764 385 982 1411 3375 279 3457
1659 440 699 2369 1154 4002 1912 1819 3267 4001 4101 1157 2397 2369
1660 1652 3033 1920 1652 3621 1920 1652 3227 3148 2683 2130 1711 304 2039 304 2823 3247 2749
1661 3316 4075 958 4066 1540 1846 1933 4075 2869
1662 3466 982 66 1030 3029 3399
1663 246 982 2235 2267 1819 2307 3045 3264 3715 4002 3355 4002 3484 4075
1664 1272 2443 2446 2920 2296 213 3226 3595 833 1909
1665 285 4033 286 726 1885 2450 4033 2450 483 1074
1666 1720 148 1885 3311 977 213 1652 3695 1168 2042 3397 2262 2292
1667 120 123 129 3544 674 1538 2383 2995 3653
1668 286 1211 1885 4002 4066 1217 4066 1885
1669 148 3146 242 1720 139 748 2424 1104 3184 1006
1670 3945 1652 867 1154 1899 699 3468 3896 3697
1671 1720 1107 1159 3609 1923 1905 3673 3311 320
1672 120 2450 2358 4172 4075
1673 998 1753 1828 4075 2853 523 3673 3824 400
1674 148 1408 1720 1671 3718
1675 159 1819 2515 3530 1893
1676 120 123 366 3823 879 3947 2099 164 2905 3859
1677 120 123 3137 3257 3608 2065 4090 3554 652 2020
1678 1326 385 2296 1886 1074 1937 2296
1679 348 352 982 3728 2190 1297
1680 2235 982 1411 4066 1885
1681 283 285 664 982 1211 1652 3463 2235 3464 948 3986 4172 4172 4075
1682 1349 2708 2476 869 951 209 2479 2334 3053 3466 1211 1886 1074
1683 1721 2607 982 1411 2529 2030
1684 725 725 382 1445 1819 3267 2559 2566 2577 4068
1685 246 794 1146 1444 1758 1819 2579 4002 1018 4075 502
1686 1154 4075 1074 1615 1652 570 4143 3355 3694 3345 4002
1687 1005 1571 1572 2322 1577 2450
1688 2592 743 3656 982 4075 1467 2683 1885 3896 1929
1689 285 664 982 4162 4172
1690 269 626 949 982 4075 2429 3140
1691 1652 939 213 1899 3474 1652 1899 3728 1886 1074 3694 1937 1652 3224 3219 1652 830 3569 314
1692 1154 2253 223 2415 1133 1407 1424 1615 2933 1630 2294 852 2348 2622 3047 3321 3797 4002
1693 1154 4002 1211 1886 1074 3120 3058 2812 3178 3915 1006 3225
1694 763 1074 1838 1856 2171 3775 776 3909 3227 1809
1695 3333 2060 3470 757 4080 2965 4111
1696 982 1411 1874 982 3482 3718 3034 3282 2670 3656 3816
1697 762 1652 4143 692 1652 3728 3647 2670 3656 3003 1211 3465 3549 322
1698 1363 3941 2578 2858 1176 3126 3941
1699 731 1592 3013 982 1388 1186 781 2626 2414
1700 3422 275 559 1030 1886 1074 3797
1701 470 3277 382 1365 1444 1912 3267 2679 4172 4075
1702 2196 3959 285 2450 3825 4033 483 1074
1703 282 3694 714 1029 762 1652 2055 3581 2543 4062 3575 722
1704 120 123 120 157 1150 4112 3728 2624 2415 3234 3432
1705 982 3333 2836 982 3455 982 4075 3286 3909
1706 982 1272 1653 3909
1707 314 2771 2056 74 1885 2058 4054 2819 4181
1708 347 982 1411 2086 1254 2086 2042 2294 240
1709 120 123 347 820 982 4077 3694 3896
1710 1203 4172 4075 285 664 4075 982 982 4075 1544 2187 2373 1824 3195 3828 3333 2836 3215 2055 4127 1540 3444
1711 120 1353 285 3896 440 1823 1272 3359 3103
1712 982 4075 1257 209 1272 2918 209 3421 3042
1713 74 1819 962 3718 578 1340 3781 1753 1828 4075 2759 809 2759 3982 1174 3532 4031 4027 3532
1714 259 3798 1705 79 470 3042 1340 1753 1828 4075 3257 3874
1715 1656 3900 1753 1690 2955 1176 3046 1176 2205
1716 1154 1155 1075 1154 4002 1819 3462 1873 592 3409 592
1717 267 2013 775 982 1885 4066 1256
1718 440 1150 2130 3612 2360 2406 3139 3293 3154
1719 988 988 1795 1797 227 820 3049 269 1045 1354 1534
1720 435 982 1133 1071 1444 3797 3316 993 3316 2986
1721 66 982 1812 1967 3466 3961
1722 747 1707 3022 872 3193 3407 1411 3925 1411
1723 982 4075 2236 734 3459
1724 79 2258 982 2951
1725 120 1600 289 3407 3575 1092
1726 120 982 1270 2756 2995 3694
1727 4146 1652 2726 714 1611 982 982 709 982 1029 2542 3925 1074
1728 3173 3588 470 982 1411 1481 2951
1729 670 872 379 812 2326 2484 2516 3444
1730 1102 4002 2468 4002 2784 4002 1018 4066 4033 4002
1731 17 3423 710 2848 1154 4075 246 2595 3734 2942 385 1354 3728 3500 1354 2122 2683 3946 1534
1732 482 510 1584 3718 2963 2006 3210 2964
1733 1155 1578 2254 3178 1030 3781 4066 1672 1411
1734 120 123 973 2322 3722 2935 530 3791
1735 4059 814 4014 982 4002 4132 3843 2826
1736 223 1652 1288 4066 1074 1753 1652 2784 4066 1074 4182 1074
1737 1720 762 1968 1535 3670 135
1738 120 123 1906 2563 2682 3572 2690 3199 2563 3509 3434 3208
1739 891 982 1280 1837 2344 2647 2848 1006 4002
1740 982 4075 3195 3828 2836 3459 3745 3063
1741 84 1089 1220 753 1613 383 3718 3003 1886 1217 3904 2497 4172 4075
1742 982 1411 1295 3620 2332 2797 2922 656 2970 3223
1743 391 675 767 1540 208 1074 3847 1740 2819 1930 1912 1819 4066 1838
1744 1270 1565 1652 1928 2737 3490
1745 740 1947 740 3120 1652 3281 4142 2305
1746 1154 2705 3253 1886 1074
1747 148 1211 992 1211 2296 1720 2243
1748 148 1720 2958 3423 3631 3631
1749 4172 4075 982 1411 1883 2974 4102
1750 1652 580 4143 3355 1703 805 2819 1885 3045 4066 1672 1411
1751 285 286 726 1885 982 4172
1752 3316 418 3103 3316 3244 1154 4075 4077 1740 1930
1753 982 2499 4066 2499
1754 1188 2554 1940 2794 3768 3013 2683 2284 1467 3653 3105
1755 115 626 2117 2205 617 1753 626 2207 4075 3947 1753 1828 4075 3792 4066 2165
1756 626 4002 252 771 1549 631 1758 1819
1757 129 391 762 1162 1154 4075 1424 2229 1740 3896 2822
1758 148 287 1 413 209 1720 2294 101 4094
1759 499 664 4075 872 3412 3656 982 4075 1272 4172 4075
1760 285 1253 4070 3694 2444 3794 2699 988 3947 4050 3896 4151
1761 1154 4075 1074 1263 3769 2446 4066 1628 1411
1762 129 555 1323 1154 1154 4075 1154 4075 1074 1154 4075 1885 1183 1662 1282 1523 1615 1780 2438 2155 222 2187 2368 3134 2441 3571 3328 124 3671 3639 4168 3639 391 872 3191 905 1162 1499 391 1918 391 3455 3457 3695 3795 976 3250 2683 3795 796 4077 4180
1763 984 2901 4002 790 982 4002 2784 3039 3120 3929 3311 2854 4002 790 1873
1764 74 1819 962 3718 259 1133 971 1753 1828 4075 1819 3207 1895 3718 1929 580 3974
1765 285 1885 633 2551 3728 368 1885 633 2551 3728 4066 1074 1218 4066 1627 1897 1688 1885 2156 2307 4002 3045 1074
1766 950 1154 1432 2139 3218 1720 3898 1133 3257 3694 4123 129
1767 74 1819 962 3718 135 1603 1720 1720 2294 580 2341 3439 3275 1860 580
1768 120 157 868 590 1115 826 1264 4160 1534 1167 2049 1768 2025
1769 617 626 982 1280 1444 1444 4002 1830 3756 4172
1770 237 2125 2235 2801 3257 3034 3044
1771 982 2429 3666 2429 2619 708 2429 3466 982
1772 4066 1076 983 2277 147
1773 74 1821 3718 607 2683 949 1223 3611 2160 1074 1676 4075 1676 4075 1753 1828 4075
1774 1154 1270 1270 2415 1270 3525 1536 1604 2415 3658 1350 1604
1775 336 213 3020 336 1311 3023 801 1154 1615 1616 1653 3108 2042 3043 948 3557 948 3368
1776 1154 4123 129 1787 3694 3699 592
1777 982 4075 1272 1687 3501 4075 1753 1252 1753 2805 1819 2820 1897 4075 4066 3441
1778 1997 1217 4075 4172 4075 4173 982 4075 1256 3199 1445 4160 1411 4075
1779 587 3943 3718 643 1069 1686 1417 1686 1069 2185 1372 3718 2486 2759 2738 2759 2764 3798
1780 982 2285 2340 2793 4066 1335
1781 843 4172 4075 285 795 1559 982 2716 2556 3629 3910 3996 4078 2175
1782 79 1074 3082 1893 2180 2272 3499 1828 4075
1783 626 4172 4075 4173 242 4064 3267 872 3191 1819 3267 982 4075 988 1695 1819
1784 1802 2347 2615 3310 3544 982
1785 1154 4075 1337 3103 1065 79 533 556 4024 1234 626 4075 3982
1786 1720 3100 1905 1753 1828 4075 1720 2439 585 385 3146 2415 1906 79 2483 3146 2415
1787 2251 2644 982 1672 1411 982 4066 1885 2284 301 470 3042 2945 2095 4075
1788 4126 5 869 982 1520 4109 3804 2945 2095 3962
1789 1886 1074 2355 2424 442 2459 3653 438 4077
1790 1154 506 3589 332 4066 1259 2529 3072
1791 763 1074 1293 1611 1885 820 1899 3474
1792 4172 4075 286 664 4075 982 4075 2838 3900 3900
1793 148 1720 242 3283 139 2424 2417 2424 2415 2424 2416 3158
1794 268 842 1720 2820 3544
1795 1753 3664 3253 1938 1564 1652 2902 3120 1652 3225 1988 3253 1312
1796 709 982 4075 1098 2618
1797 1444 2305 626 4002
1798 3309 2251 3316 3780 3653 1540 700 4066 2774
1799 1485 3796 1941 2974 209 2857 387 1427 2974 209 2977 1164 209 3488 2107
1800 1154 101 1211 1886 1074 3399 3694 3909 3399
1801 210 872 2952 939 751 1196 1472 1006 2633 3119 1652
1802 148 559 1272 1720 2019 3371 3323
1803 707 1720 626 2140 1579 1589 4002
1804 120 123 285 982 982 1676 2450 483 1398 1809
1805 74 1820 962 3718 1720 2412 3423 2243 3641
1806 3570 129 90 712 651 3256 4116 1239 1465 2585
1807 285 286 664 982 1493 1610 1618 1489 3029 3397 3397 3109
1808 12 4123 129 1154 2748 1154 3809 1860 1553 1270 3039 2292 858
1809 712 1150 4112 3728 1468 1886 1074
1810 63 3843 1653 1405 1602 3796 2125 2235 3034 3045 3147 3253
1811 982 2415 389 3249 2661 2415 1787 2797 1310 3435 209
1812 40 41 152 1899 870 1154 820 2286 1045 1284 2268 1272 2268 2415 2748 3249 2661
1813 239 3996 982 1411 3277 1009 3652 2023 4084 1672
1814 242 4064 1171 1588 2428 246 3931 4099 4168 1154 4075
