0 25649230
1 27177886
2 27455879
3 27463979
4 27573153
5 27590587
6 27685780
7 27717616
8 27780881
9 27872145
10 27913131
11 27921244
12 28038870
13 28137997
14 28161865
15 28166455
16 28185126
17 28216187
18 28256420
19 28279118
20 28298161
21 28323496
22 28325495
23 28332087
24 28342787
25 28345293
26 28351674
27 28378026
28 28379487
29 28393588
30 28410768
31 28431862
32 28437843
33 28440550
34 28444295
35 28497331
36 28502235
37 28506515
38 28537028
39 28544416
40 28554316
41 28560654
42 28573466
43 28577243
44 28579268
45 28580548
46 28587513
47 28597480
48 28648859
49 28648861
50 28655548
51 28656706
52 28690117
53 28696029
54 28712817
55 28728525
56 28736265
57 28755145
58 28757293
59 28758700
60 28760166
61 28763150
62 28768471
63 28770688
64 28770695
65 28771956
66 28776249
67 28780120
68 28795602
69 28798200
70 28810081
71 28820067
72 28823692
73 28830053
74 28834304
75 28835312
76 28843815
77 28846489
78 28847232
79 28847561
80 28851097
81 28852982
82 28856446
83 28859534
84 28864842
85 28869331
86 28874213
87 28875508
88 28877637
89 28879600
90 28882724
91 28891000
92 28899284
93 28913959
94 28914200
95 28916186
96 28916391
97 28918231
98 28919042
99 28919345
100 28929318
101 28929904
102 28940140
103 28941278
104 28948470
105 28949439
106 28950922
107 28951016
108 28958414
109 28958444
110 28960920
111 28961437
112 28964768
113 28968775
114 28968863
115 28969577
116 28971480
117 28980843
118 28985612
119 28986247
120 28986822
121 28986825
122 28986827
123 28986836
124 28986839
125 28986841
126 28986842
127 28986846
128 28986847
129 28986848
130 28993172
131 28994103
132 29020205
133 29020226
134 29020332
135 29020340
136 29024445
137 29027728
138 29030319
139 29031082
140 29031163
141 29034494
142 29035789
143 29040719
144 29043660
145 29046459
146 29052242
147 29054571
148 29055659
149 29056517
150 29058516
151 29061443
152 29063288
153 29071733
154 29076644
155 29079324
156 29080719
157 29092797
158 29093094
159 29093095
160 29093104
161 29093311
162 29093315
163 29093385
164 29094370
165 29099327
166 29103866
167 29103928
168 29105052
169 29107122
170 29107376
171 29107414
172 29110196
173 29110410
174 29111056
175 29113699
176 29116351
177 29118123
178 29118125
179 29120855
180 29121223
181 29122447
182 29122684
183 29124950
184 29126872
185 29126899
186 29128378
187 29129706
188 29129817
189 29130827
190 29131357
191 29133118
192 29133154
193 29133569
194 29134249
195 29134258
196 29134435
197 29135386
198 29137867
199 29138016
200 29140442
201 29140541
202 29145171
203 29148858
204 29149298
205 29149432
206 29150032
207 29153860
208 29154792
209 29156382
210 29157162
211 29157676
212 29158909
213 29162492
214 29164277
215 29164802
216 29165845
217 29166962
218 29167287
219 29167334
220 29169140
221 29169817
222 29172075
223 29173239
224 29173489
225 29174315
226 29175206
227 29175328
228 29178379
229 29179602
230 29180056
231 29186544
232 29188368
233 29191515
234 29193194
235 29193604
236 29193680
237 29194012
238 29194547
239 29194706
240 29195741
241 29196275
242 29196277
243 29197500
244 29197806
245 29206076
246 29210303
247 29210497
248 29210509
249 29212933
250 29212937
251 29216466
252 29217264
253 29220773
254 29221616
255 29223138
256 29224404
257 29224715
258 29226326
259 29227167
260 29227177
261 29228881
262 29230614
263 29232534
264 29233775
265 29235427
266 29235969
267 29236288
268 29237831
269 29239502
270 29241121
271 29246851
272 29247706
273 29247801
274 29248525
275 29248587
276 29249606
277 29249609
278 29250727
279 29251994
280 29253164
281 29253342
282 29253493
283 29256819
284 29258862
285 29259080
286 29260678
287 29260685
288 29260687
289 29260690
290 29260850
291 29261093
292 29263203
293 29263206
294 29263261
295 29267872
296 29269104
297 29269191
298 29270717
299 29272748
300 29273280
301 29273403
302 29273442
303 29274250
304 29274851
305 29275255
306 29277280
307 29277338
308 29277499
309 29278457
310 29278459
311 29279375
312 29279449
313 29281112
314 29282215
315 29282904
316 29287804
317 29288541
318 29288700
319 29289621
320 29289664
321 29289666
322 29289740
323 29290037
324 29290611
325 29291733
326 29292044
327 29294299
328 29294313
329 29294422
330 29295909
331 29297702
332 29298095
333 29298700
334 29299882
335 29299949
336 29300152
337 29300320
338 29301546
339 29301573
340 29302646
341 29303554
342 29304471
343 29305089
344 29305277
345 29305284
346 29305306
347 29305550
348 29306333
349 29306614
350 29310427
351 29310571
352 29312814
353 29313714
354 29314584
355 29315224
356 29315684
357 29316172
358 29319426
359 29321001
360 29321308
361 29321321
362 29321322
363 29322086
364 29323557
365 29325871
366 29327375
367 29327701
368 29329413
369 29329455
370 29331185
371 29331246
372 29331320
373 29332141
374 29332601
375 29332829
376 29333950
377 29334178
378 29335021
379 29335200
380 29338543
381 29338706
382 29338712
383 29338803
384 29339224
385 29339477
386 29343225
387 29343575
388 29343583
389 29344875
390 29345577
391 29345964
392 29346061
393 29346287
394 29348171
395 29349620
396 29350111
397 29350145
398 29350151
399 29350156
400 29350545
401 29352633
402 29352835
403 29352990
404 29353669
405 29353724
406 29354059
407 29354101
408 29354928
409 29355543
410 29355585
411 29356627
412 29357841
413 29357939
414 29358114
415 29358421
416 29358533
417 29358941
418 29359450
419 29359634
420 29360072
421 29360075
422 29360169
423 29360474
424 29360797
425 29361403
426 29361927
427 29362058
428 29362060
429 29363421
430 29366630
431 29367852
432 29368266
433 29369776
434 29370564
435 29370779
436 29372518
437 29374388
438 29374645
439 29374815
440 29374889
441 29375526
442 29375803
443 29376049
444 29378163
445 29378424
446 29379496
447 29379650
448 29380629
449 29382107
450 29382224
451 29382275
452 29382300
453 29384053
454 29386105
455 29386734
456 29387144
457 29387631
458 29389079
459 29391071
460 29392497
461 29393710
462 29393841
463 29394906
464 29395729
465 29396201
466 29397905
467 29398345
468 29398759
469 29404200
470 29404419
471 29404420
472 29405775
473 29406082
474 29406796
475 29406974
476 29408333
477 29408460
478 29409392
479 29409509
480 29409531
481 29410084
482 29410208
483 29410863
484 29410949
485 29411528
486 29411598
487 29411628
488 29413205
489 29414180
490 29414182
491 29414675
492 29415435
493 29415738
494 29416874
495 29419375
496 29419739
497 29419939
498 29420696
499 29421340
500 29421463
501 29421957
502 29422087
503 29422730
504 29423037
505 29424106
506 29425967
507 29426337
508 29426734
509 29427597
510 29428508
511 29429122
512 29429267
513 29429371
514 29430347
515 29431588
516 29432085
517 29433596
518 29434031
519 29435351
520 29435366
521 29435494
522 29436309
523 29436418
524 29437970
525 29439659
526 29439674
527 29439682
528 29442435
529 29443540
530 29443656
531 29444675
532 29446480
533 29447357
534 29447917
535 29449833
536 29451044
537 29451494
538 29451827
539 29452047
540 29452109
541 29452594
542 29453089
543 29454216
544 29454707
545 29454734
546 29454740
547 29456700
548 29457711
549 29458268
550 29458406
551 29459314
552 29460740
553 29460745
554 29462598
555 29463300
556 29463410
557 29463757
558 29465794
559 29466861
560 29466877
561 29466952
562 29467131
563 29467313
564 29467548
565 29468827
566 29469213
567 29470620
568 29471783
569 29471786
570 29471819
571 29471864
572 29473899
573 29473907
574 29474175
575 29474922
576 29475624
577 29476319
578 29477418
579 29477644
580 29479091
581 29480365
582 29480634
583 29481868
584 29481881
585 29481882
586 29482433
587 29484966
588 29485942
589 29486714
590 29486726
591 29490880
592 29491253
593 29491564
594 29492121
595 29494502
596 29494844
597 29494886
598 29495311
599 29495351
600 29495587
601 29497578
602 29497604
603 29498365
604 29498743
605 29499668
606 29499698
607 29499788
608 29500034
609 29500195
610 29500882
611 29500926
612 29502428
613 29503227
614 29503261
615 29504327
616 29505169
617 29505732
618 29505868
619 29506911
620 29510358
621 29510765
622 29511073
623 29511141
624 29511144
625 29511459
626 29511990
627 29512008
628 29512853
629 29514900
630 29514907
631 29514915
632 29515896
633 29515913
634 29516886
635 29520829
636 29522728
637 29523166
638 29524302
639 29524717
640 29524887
641 29524901
642 29525283
643 29525969
644 29526720
645 29527187
646 29527297
647 29527300
648 29529852
649 29530790
650 29531435
651 29531658
652 29532388
653 29533988
654 29534445
655 29534607
656 29534694
657 29534891
658 29535994
659 29536828
660 29536963
661 29540220
662 29542279
663 29544144
664 29544456
665 29545150
666 29545158
667 29545792
668 29547522
669 29548293
670 29549012
671 29549065
672 29549613
673 29550733
674 29551005
675 29551136
676 29551334
677 29551394
678 29552993
679 29553319
680 29555345
681 29555421
682 29557779
683 29558199
684 29558735
685 29559198
686 29560461
687 29561780
688 29562870
689 29562909
690 29563204
691 29563297
692 29563388
693 29563671
694 29564154
695 29564968
696 29566585
697 29566761
698 29567063
699 29567514
700 29567861
701 29568194
702 29568545
703 29569244
704 29570783
705 29571970
706 29572260
707 29573259
708 29573311
709 29573874
710 29575404
711 29575672
712 29576954
713 29577083
714 29579432
715 29579487
716 29580756
717 29581051
718 29581052
719 29583086
720 29584632
721 29584652
722 29587719
723 29587780
724 29587840
725 29588168
726 29588907
727 29589579
728 29590614
729 29593041
730 29593938
731 29593941
732 29594126
733 29594985
734 29597315
735 29599693
736 29601894
737 29602701
738 29604972
739 29604975
740 29604976
741 29604983
742 29604984
743 29606141
744 29606534
745 29606908
746 29606991
747 29607096
748 29607097
749 29607098
750 29607357
751 29607366
752 29607577
753 29608276
754 29608873
755 29608995
756 29609533
757 29609659
758 29610334
759 29610346
760 29610543
761 29611126
762 29614385
763 29614610
764 29614756
765 29616396
766 29616631
767 29616633
768 29617280
769 29618379
770 29618505
771 29619364
772 29619427
773 29619436
774 29619441
775 29620931
776 29621534
777 29622025
778 29622497
779 29623022
780 29623242
781 29623245
782 29625092
783 29625162
784 29625205
785 29625392
786 29625404
787 29625787
788 29626301
789 29628230
790 29628293
791 29629189
792 29629849
793 29630976
794 29631599
795 29631631
796 29632536
797 29632630
798 29632956
799 29633021
800 29635864
801 29635976
802 29636795
803 29636803
804 29637755
805 29638172
806 29641941
807 29642856
808 29642937
809 29643246
810 29644025
811 29645080
812 29649118
813 29649953
814 29651215
815 29653699
816 29654554
817 29655390
818 29655694
819 29656441
820 29657372
821 29657917
822 29660143
823 29660363
824 29661212
825 29663859
826 29664379
827 29665373
828 29665374
829 29665375
830 29665781
831 29666200
832 29666784
833 29667004
834 29668141
835 29669602
836 29669616
837 29669839
838 29669880
839 29670071
840 29670357
841 29671332
842 29671786
843 29671907
844 29673030
845 29673347
846 29673404
847 29673983
848 29674002
849 29676453
850 29676724
851 29677122
852 29677149
853 29677461
854 29677482
855 29677500
856 29678001
857 29678172
858 29678884
859 29678952
860 29681093
861 29683039
862 29683399
863 29683784
864 29684416
865 29685158
866 29685284
867 29685793
868 29685890
869 29686179
870 29686974
871 29687211
872 29687403
873 29689652
874 29689655
875 29689660
876 29690129
877 29690531
878 29690553
879 29690593
880 29690895
881 29690906
882 29691914
883 29692243
884 29692583
885 29692780
886 29695282
887 29695688
888 29696006
889 29696069
890 29697079
891 29698815
892 29699041
893 29699042
894 29699043
895 29699045
896 29699483
897 29699538
898 29699595
899 29700629
900 29701875
901 29704178
902 29704626
903 29704727
904 29706291
905 29706314
906 29706319
907 29706902
908 29707045
909 29707075
910 29707416
911 29707974
912 29708652
913 29709214
914 29709562
915 29709564
916 29709630
917 29709965
918 29712653
919 29713901
920 29716774
921 29717011
922 29718538
923 29719780
924 29720151
925 29720514
926 29720516
927 29720521
928 29724243
929 29727815
930 29728121
931 29728131
932 29728344
933 29729859
934 29730487
935 29731931
936 29733254
937 29733947
938 29734964
939 29735824
940 29737039
941 29738826
942 29740424
943 29740962
944 29741153
945 29741476
946 29742004
947 29742435
948 29743357
949 29743361
950 29743363
951 29743365
952 29743368
953 29743762
954 29743940
955 29744330
956 29745863
957 29746833
958 29746898
959 29746944
960 29747950
961 29748457
962 29748487
963 29749366
964 29751200
965 29751486
966 29751616
967 29751758
968 29751761
969 29751814
970 29751873
971 29751893
972 29752023
973 29752950
974 29753658
975 29753850
976 29754050
977 29755433
978 29755701
979 29756760
980 29757218
981 29757507
982 29757513
983 29757706
984 29757986
985 29758171
986 29758236
987 29759074
988 29759076
989 29761104
990 29761622
991 29764403
992 29764410
993 29764440
994 29766839
995 29767504
996 29768102
997 29768655
998 29768710
999 29769094
1000 29769102
1001 29769351
1002 29769692
1003 29772652
1004 29772717
1005 29772882
1006 29772885
1007 29773077
1008 29774299
1009 29774864
1010 29775667
1011 29775680
1012 29776310
1013 29777650
1014 29777923
1015 29777926
1016 29779454
1017 29779827
1018 29779846
1019 29780057
1020 29780108
1021 29780913
1022 29781356
1023 29781359
1024 29781412
1025 29781680
1026 29782922
1027 29783955
1028 29784444
1029 29784732
1030 29784816
1031 29785478
1032 29785519
1033 29786132
1034 29788907
1035 29789010
1036 29789238
1037 29789360
1038 29789369
1039 29789514
1040 29789732
1041 29792154
1042 29792991
1043 29793806
1044 29793873
1045 29793957
1046 29800564
1047 29800899
1048 29801997
1049 29808407
1050 29842982
1051 29843621
1052 29843824
1053 29843836
1054 29844166
1055 29845521
1056 29845522
1057 29845523
1058 29845525
1059 29845527
1060 29845528
1061 29845529
1062 29845531
1063 29845532
1064 29845533
1065 29845534
1066 29845535
1067 29845536
1068 29845537
1069 29845538
1070 29845539
1071 29845540
1072 29845542
1073 29845543
1074 29845544
1075 29845545
1076 29845688
1077 29848405
1078 29852306
1079 29852867
1080 29852984
1081 29852986
1082 29855331
1083 29857259
1084 29857404
1085 29857503
1086 29859194
1087 29859533
1088 29860959
1089 29861435
1090 29861565
1091 29861843
1092 29865171
1093 29865243
1094 29866173
1095 29866193
1096 29866206
1097 29867036
1098 29867992
1099 29868312
1100 29868504
1101 29868532
1102 29868622
1103 29869360
1104 29869979
1105 29870279
1106 29870747
1107 29870771
1108 29871615
1109 29874790
1110 29874821
1111 29875239
1112 29879523
1113 29880709
1114 29880819
1115 29882167
1116 29882971
1117 29883406
1118 29883585
1119 29885618
1120 29886823
1121 29888159
1122 29890729
1123 29890736
1124 29891781
1125 29892697
1126 29894746
1127 29894797
1128 29895178
1129 29895192
1130 29895925
1131 29896405
1132 29896651
1133 29896675
1134 29897042
1135 29897327
1136 29898684
1137 29898719
1138 29898780
1139 29899103
1140 29899735
1141 29900496
1142 29900506
1143 29901901
1144 29902443
1145 29903006
1146 29903436
1147 29903539
1148 29903980
1149 29906032
1150 29907989
1151 29908157
1152 29908171
1153 29909044
1154 29909241
1155 29909394
1156 29909609
1157 29911144
1158 29911147
1159 29911153
1160 29912689
1161 29912712
1162 29914102
1163 29914119
1164 29914621
1165 29915057
1166 29915078
1167 29915441
1168 29916445
1169 29916446
1170 29916798
1171 29921345
1172 29923519
1173 29923694
1174 29923787
1175 29923817
1176 29925425
1177 29925559
1178 29925666
1179 29928270
1180 29929468
1181 29929561
1182 29929827
1183 29930869
1184 29931821
1185 29932932
1186 29933717
1187 29935126
1188 29937398
1189 29937406
1190 29938064
1191 29938702
1192 29938704
1193 29939125
1194 29939801
1195 29941038
1196 29941593
1197 29941760
1198 29942160
1199 29942741
1200 29943382
1201 29943545
1202 29943598
1203 29943613
1204 29943912
1205 29945503
1206 29945676
1207 29945778
1208 29946031
1209 29946944
1210 29947471
1211 29950498
1212 29953921
1213 29954186
1214 29954443
1215 29956181
1216 29956182
1217 29956183
1218 29956184
1219 29956185
1220 29956428
1221 29956614
1222 29959178
1223 29962484
1224 29963050
1225 29963408
1226 29963780
1227 29964076
1228 29966348
1229 29966589
1230 29966786
1231 29967017
1232 29967620
1233 29968677
1234 29969788
1235 29970040
1236 29970132
1237 29970133
1238 29973010
1239 29975185
1240 29976675
1241 29976679
1242 29976680
1243 29976871
1244 29977239
1245 29977258
1246 29978123
1247 29979812
1248 29981374
1249 29981375
1250 29981944
1251 29983385
1252 29983395
1253 29984134
1254 29984587
1255 29984641
1256 29984660
1257 29986388
1258 29986460
1259 29986778
1260 29986826
1261 29986843
1262 29988334
1263 29988756
1264 29989048
1265 29989094
1266 29990510
1267 29991327
1268 29991554
1269 29993303
1270 29996094
1271 29996481
1272 29996497
1273 29996889
1274 29997216
1275 29997331
1276 29997701
1277 29998087
1278 29998218
1279 29998221
1280 29998608
1281 29999491
1282 30001188
1283 30002303
1284 30002792
1285 30002979
1286 30003168
1287 30004408
1288 30005607
1289 30005683
1290 30006028
1291 30007822
1292 30008269
1293 30008722
1294 30008825
1295 30009565
1296 30011814
1297 30012549
1298 30013135
1299 30013549
1300 30014462
1301 30014618
1302 30014839
1303 30015610
1304 30016117
1305 30016242
1306 30016958
1307 30016993
1308 30019003
1309 30019646
1310 30021890
1311 30021899
1312 30023351
1313 30023438
1314 30025503
1315 30025788
1316 30026024
1317 30026871
1318 30027565
1319 30027735
1320 30029487
1321 30029548
1322 30029796
1323 30029808
1324 30029854
1325 30030791
1326 30030994
1327 30031046
1328 30031376
1329 30032048
1330 30032315
1331 30032326
1332 30032928
1333 30034282
1334 30035107
1335 30035699
1336 30036141
1337 30037078
1338 30037331
1339 30038008
1340 30038728
1341 30038860
1342 30039355
1343 30040423
1344 30041666
1345 30041831
1346 30042931
1347 30043685
1348 30044201
1349 30044715
1350 30044892
1351 30044972
1352 30044983
1353 30045631
1354 30045993
1355 30046208
1356 30046621
1357 30050514
1358 30050523
1359 30050623
1360 30051490
1361 30051635
1362 30053386
1363 30053408
1364 30053458
1365 30053811
1366 30053833
1367 30053868
1368 30055173
1369 30055216
1370 30056824
1371 30058446
1372 30058991
1373 30059661
1374 30060547
1375 30061645
1376 30061964
1377 30062576
1378 30062973
1379 30063839
1380 30063871
1381 30064470
1382 30065162
1383 30065966
1384 30066045
1385 30068318
1386 30068888
1387 30069124
1388 30069218
1389 30070025
1390 30071205
1391 30071880
1392 30076681
1393 30076990
1394 30078378
1395 30078788
1396 30079278
1397 30080029
1398 30081619
1399 30081620
1400 30081931
1401 30083859
1402 30083966
1403 30084417
1404 30084423
1405 30086716
1406 30087055
1407 30087165
1408 30088135
1409 30088790
1410 30089479
1411 30089506
1412 30089647
1413 30089929
1414 30091264
1415 30092158
1416 30092199
1417 30092343
1418 30092532
1419 30094748
1420 30095362
1421 30095866
1422 30096251
1423 30096313
1424 30096669
1425 30098206
1426 30098441
1427 30099200
1428 30099932
1429 30099951
1430 30100203
1431 30100535
1432 30100980
1433 30101071
1434 30101134
1435 30101721
1436 30102786
1437 30103157
1438 30103543
1439 30103835
1440 30103854
1441 30104501
1442 30105961
1443 30107718
1444 30107822
1445 30107830
1446 30107859
1447 30108347
1448 30109101
1449 30109186
1450 30109914
1451 30110637
1452 30110638
1453 30111085
1454 30111594
1455 30111605
1456 30112159
1457 30112320
1458 30112351
1459 30113225
1460 30113708
1461 30114579
1462 30114675
1463 30114992
1464 30115330
1465 30116598
1466 30117001
1467 30118540
1468 30118862
1469 30120880
1470 30121308
1471 30122844
1472 30123804
1473 30123837
1474 30124406
1475 30124409
1476 30124410
1477 30124423
1478 30124424
1479 30126221
1480 30126327
1481 30126417
1482 30127007
1483 30128159
1484 30128292
1485 30128812
1486 30129203
1487 30130602
1488 30131779
1489 30131785
1490 30132225
1491 30133337
1492 30134649
1493 30134860
1494 30134923
1495 30134982
1496 30135221
1497 30135238
1498 30138986
1499 30143051
1500 30145028
1501 30145180
1502 30145258
1503 30146413
1504 30146761
1505 30147081
1506 30147687
1507 30147699
1508 30147936
1509 30148692
1510 30148940
1511 30149038
1512 30149090
1513 30149186
1514 30149800
1515 30150394
1516 30151331
1517 30151405
1518 30151571
1519 30151572
1520 30151634
1521 30153795
1522 30153797
1523 30154221
1524 30156216
1525 30157886
1526 30157921
1527 30157970
1528 30158475
1529 30158790
1530 30158801
1531 30159364
1532 30160316
1533 30160620
1534 30165044
1535 30165875
1536 30167059
1537 30167467
1538 30167494
1539 30168142
1540 30170528
1541 30170627
1542 30171537
1543 30171868
1544 30171905
1545 30172524
1546 30172996
1547 30173661
1548 30173662
1549 30173664
1550 30173673
1551 30173675
1552 30173871
1553 30173956
1554 30174501
1555 30175218
1556 30175687
1557 30176107
1558 30176115
1559 30176274
1560 30176404
1561 30176907
1562 30180448
1563 30180800
1564 30181631
1565 30181881
1566 30181976
1567 30182200
1568 30182296
1569 30182840
1570 30184347
1571 30184356
1572 30184364
1573 30184368
1574 30184370
1575 30184371
1576 30184492
1577 30184505
1578 30185681
1579 30186265
1580 30186771
1581 30187022
1582 30187415
1583 30187718
1584 30189150
1585 30190331
1586 30190720
1587 30191624
1588 30192139
1589 30192396
1590 30195490
1591 30195666
1592 30196007
1593 30196630
1594 30196714
1595 30197019
1596 30197741
1597 30200177
1598 30200417
1599 30200851
1600 30201034
1601 30201511
1602 30202506
1603 30205518
1604 30205953
1605 30206040
1606 30206166
1607 30206174
1608 30208974
1609 30209005
1610 30209043
1611 30209423
1612 30210503
1613 30210949
1614 30213255
1615 30214914
1616 30215204
1617 30216495
1618 30216601
1619 30217034
1620 30217208
1621 30217495
1622 30218686
1623 30218814
1624 30219070
1625 30219509
1626 30221365
1627 30223001
1628 30223123
1629 30223572
1630 30224832
1631 30225842
1632 30225997
1633 30226159
1634 30228077
1635 30228122
1636 30231831
1637 30232998
1638 30233221
1639 30233829
1640 30234063
1641 30234193
1642 30235422
1643 30236155
1644 30237687
1645 30238127
1646 30240353
1647 30240624
1648 30240632
1649 30240888
1650 30241036
1651 30241284
1652 30241510
1653 30242614
1654 30242855
1655 30243841
1656 30243890
1657 30243931
1658 30244133
1659 30244872
1660 30245123
1661 30245734
1662 30246621
1663 30248195
1664 30248314
1665 30248317
1666 30249174
1667 30250667
1668 30251003
1669 30251609
1670 30254789
1671 30254794
1672 30254814
1673 30255219
1674 30255313
1675 30257346
1676 30257487
1677 30257701
1678 30258999
1679 30259549
1680 30259796
1681 30260118
1682 30261226
1683 30263117
1684 30265628
1685 30265634
1686 30266489
1687 30266630
1688 30266790
1689 30267170
1690 30267240
1691 30268139
1692 30269599
1693 30269612
1694 30270419
1695 30270605
1696 30270767
1697 30270812
1698 30271059
1699 30273615
1700 30274155
1701 30274199
1702 30274268
1703 30274270
1704 30274404
1705 30274405
1706 30274408
1707 30274433
1708 30274463
1709 30274467
1710 30274471
1711 30274476
1712 30274896
1713 30276193
1714 30276194
1715 30276937
1716 30277167
1717 30278191
1718 30278392
1719 30279404
1720 30280009
1721 30280705
1722 30280711
1723 30280717
1724 30282001
1725 30282003
1726 30282110
1727 30282115
1728 30282334
1729 30283430
1730 30283434
1731 30283486
1732 30283805
1733 30285648
1734 30287252
1735 30288032
1736 30288197
1737 30289022
1738 30291492
1739 30291844
1740 30291875
1741 30292020
1742 30292120
1743 30294323
1744 30294522
1745 30295153
1746 30296574
1747 30297004
1748 30298241
1749 30301438
1750 30301656
1751 30301701
1752 30301857
1753 30302181
1754 30302912
1755 30303147
1756 30304673
1757 30304789
1758 30305093
1759 30305112
1760 30307674
1761 30307686
1762 30307845
1763 30309284
1764 30309292
1765 30309300
1766 30309385
1767 30310363
1768 30311353
1769 30312909
1770 30314489
1771 30315653
1772 30317270
1773 30317770
1774 30318028
1775 30318335
1776 30319027
1777 30319615
1778 30319635
1779 30319765
1780 30323934
1781 30323937
1782 30326919
1783 30327651
1784 30332343
1785 30332733
1786 30332922
1787 30333266
1788 30333268
1789 30334522
1790 30335906
1791 30338085
1792 30338634
1793 30338737
1794 30338740
1795 30339070
1796 30340326
1797 30340377
1798 30341219
1799 30342544
1800 30342859
1801 30343662
1802 30344102
1803 30344523
1804 30345242
1805 30345930
1806 30347771
1807 30348472
1808 30349624
1809 30350265
1810 30352592
1811 30353774
1812 30355048
1813 30355887
1814 30355918
